county,precinct,office,district,party,candidate,votes
Limestone,0101,BALLOTS CAST - REPUBLICAN PARTY,,REP,BALLOTS CAST - REPUBLICAN PARTY,491
Limestone,0102,BALLOTS CAST - REPUBLICAN PARTY,,REP,BALLOTS CAST - REPUBLICAN PARTY,227
Limestone,0103,BALLOTS CAST - REPUBLICAN PARTY,,REP,BALLOTS CAST - REPUBLICAN PARTY,236
Limestone,0104,BALLOTS CAST - REPUBLICAN PARTY,,REP,BALLOTS CAST - REPUBLICAN PARTY,258
Limestone,0201,BALLOTS CAST - REPUBLICAN PARTY,,REP,BALLOTS CAST - REPUBLICAN PARTY,109
Limestone,0202,BALLOTS CAST - REPUBLICAN PARTY,,REP,BALLOTS CAST - REPUBLICAN PARTY,24
Limestone,0203,BALLOTS CAST - REPUBLICAN PARTY,,REP,BALLOTS CAST - REPUBLICAN PARTY,27
Limestone,0204,BALLOTS CAST - REPUBLICAN PARTY,,REP,BALLOTS CAST - REPUBLICAN PARTY,149
Limestone,0205,BALLOTS CAST - REPUBLICAN PARTY,,REP,BALLOTS CAST - REPUBLICAN PARTY,115
Limestone,0206,BALLOTS CAST - REPUBLICAN PARTY,,REP,BALLOTS CAST - REPUBLICAN PARTY,120
Limestone,0301,BALLOTS CAST - REPUBLICAN PARTY,,REP,BALLOTS CAST - REPUBLICAN PARTY,420
Limestone,0302,BALLOTS CAST - REPUBLICAN PARTY,,REP,BALLOTS CAST - REPUBLICAN PARTY,184
Limestone,0303,BALLOTS CAST - REPUBLICAN PARTY,,REP,BALLOTS CAST - REPUBLICAN PARTY,60
Limestone,0304,BALLOTS CAST - REPUBLICAN PARTY,,REP,BALLOTS CAST - REPUBLICAN PARTY,313
Limestone,0305,BALLOTS CAST - REPUBLICAN PARTY,,REP,BALLOTS CAST - REPUBLICAN PARTY,128
Limestone,0401,BALLOTS CAST - REPUBLICAN PARTY,,REP,BALLOTS CAST - REPUBLICAN PARTY,311
Limestone,0402,BALLOTS CAST - REPUBLICAN PARTY,,REP,BALLOTS CAST - REPUBLICAN PARTY,162
Limestone,0403,BALLOTS CAST - REPUBLICAN PARTY,,REP,BALLOTS CAST - REPUBLICAN PARTY,109
Limestone,0404,BALLOTS CAST - REPUBLICAN PARTY,,REP,BALLOTS CAST - REPUBLICAN PARTY,156
Limestone,0405,BALLOTS CAST - REPUBLICAN PARTY,,REP,BALLOTS CAST - REPUBLICAN PARTY,125
Limestone,0406,BALLOTS CAST - REPUBLICAN PARTY,,REP,BALLOTS CAST - REPUBLICAN PARTY,79
Limestone,0101,BALLOTS CAST - DEMOCRATIC PARTY,,DEM,BALLOTS CAST - DEMOCRATIC PARTY,106
Limestone,0102,BALLOTS CAST - DEMOCRATIC PARTY,,DEM,BALLOTS CAST - DEMOCRATIC PARTY,12
Limestone,0103,BALLOTS CAST - DEMOCRATIC PARTY,,DEM,BALLOTS CAST - DEMOCRATIC PARTY,38
Limestone,0104,BALLOTS CAST - DEMOCRATIC PARTY,,DEM,BALLOTS CAST - DEMOCRATIC PARTY,21
Limestone,0201,BALLOTS CAST - DEMOCRATIC PARTY,,DEM,BALLOTS CAST - DEMOCRATIC PARTY,44
Limestone,0202,BALLOTS CAST - DEMOCRATIC PARTY,,DEM,BALLOTS CAST - DEMOCRATIC PARTY,89
Limestone,0203,BALLOTS CAST - DEMOCRATIC PARTY,,DEM,BALLOTS CAST - DEMOCRATIC PARTY,35
Limestone,0204,BALLOTS CAST - DEMOCRATIC PARTY,,DEM,BALLOTS CAST - DEMOCRATIC PARTY,33
Limestone,0205,BALLOTS CAST - DEMOCRATIC PARTY,,DEM,BALLOTS CAST - DEMOCRATIC PARTY,35
Limestone,0206,BALLOTS CAST - DEMOCRATIC PARTY,,DEM,BALLOTS CAST - DEMOCRATIC PARTY,17
Limestone,0301,BALLOTS CAST - DEMOCRATIC PARTY,,DEM,BALLOTS CAST - DEMOCRATIC PARTY,78
Limestone,0302,BALLOTS CAST - DEMOCRATIC PARTY,,DEM,BALLOTS CAST - DEMOCRATIC PARTY,25
Limestone,0303,BALLOTS CAST - DEMOCRATIC PARTY,,DEM,BALLOTS CAST - DEMOCRATIC PARTY,10
Limestone,0304,BALLOTS CAST - DEMOCRATIC PARTY,,DEM,BALLOTS CAST - DEMOCRATIC PARTY,25
Limestone,0305,BALLOTS CAST - DEMOCRATIC PARTY,,DEM,BALLOTS CAST - DEMOCRATIC PARTY,19
Limestone,0401,BALLOTS CAST - DEMOCRATIC PARTY,,DEM,BALLOTS CAST - DEMOCRATIC PARTY,122
Limestone,0402,BALLOTS CAST - DEMOCRATIC PARTY,,DEM,BALLOTS CAST - DEMOCRATIC PARTY,16
Limestone,0403,BALLOTS CAST - DEMOCRATIC PARTY,,DEM,BALLOTS CAST - DEMOCRATIC PARTY,6
Limestone,0404,BALLOTS CAST - DEMOCRATIC PARTY,,DEM,BALLOTS CAST - DEMOCRATIC PARTY,17
Limestone,0405,BALLOTS CAST - DEMOCRATIC PARTY,,DEM,BALLOTS CAST - DEMOCRATIC PARTY,16
Limestone,0406,BALLOTS CAST - DEMOCRATIC PARTY,,DEM,BALLOTS CAST - DEMOCRATIC PARTY,6
Limestone,0101,President,,REP,Ben Carson,36
Limestone,0102,President,,REP,Ben Carson,14
Limestone,0103,President,,REP,Ben Carson,20
Limestone,0104,President,,REP,Ben Carson,8
Limestone,0201,President,,REP,Ben Carson,7
Limestone,0202,President,,REP,Ben Carson,2
Limestone,0203,President,,REP,Ben Carson,3
Limestone,0204,President,,REP,Ben Carson,3
Limestone,0205,President,,REP,Ben Carson,5
Limestone,0206,President,,REP,Ben Carson,4
Limestone,0301,President,,REP,Ben Carson,37
Limestone,0302,President,,REP,Ben Carson,8
Limestone,0303,President,,REP,Ben Carson,4
Limestone,0304,President,,REP,Ben Carson,19
Limestone,0305,President,,REP,Ben Carson,4
Limestone,0401,President,,REP,Ben Carson,18
Limestone,0402,President,,REP,Ben Carson,9
Limestone,0403,President,,REP,Ben Carson,4
Limestone,0404,President,,REP,Ben Carson,7
Limestone,0405,President,,REP,Ben Carson,3
Limestone,0406,President,,REP,Ben Carson,4
Limestone,0101,President,,REP,Marco Rubio,57
Limestone,0102,President,,REP,Marco Rubio,9
Limestone,0103,President,,REP,Marco Rubio,10
Limestone,0104,President,,REP,Marco Rubio,24
Limestone,0201,President,,REP,Marco Rubio,15
Limestone,0202,President,,REP,Marco Rubio,5
Limestone,0203,President,,REP,Marco Rubio,0
Limestone,0204,President,,REP,Marco Rubio,6
Limestone,0205,President,,REP,Marco Rubio,8
Limestone,0206,President,,REP,Marco Rubio,9
Limestone,0301,President,,REP,Marco Rubio,51
Limestone,0302,President,,REP,Marco Rubio,18
Limestone,0303,President,,REP,Marco Rubio,2
Limestone,0304,President,,REP,Marco Rubio,22
Limestone,0305,President,,REP,Marco Rubio,15
Limestone,0401,President,,REP,Marco Rubio,30
Limestone,0402,President,,REP,Marco Rubio,18
Limestone,0403,President,,REP,Marco Rubio,17
Limestone,0404,President,,REP,Marco Rubio,20
Limestone,0405,President,,REP,Marco Rubio,6
Limestone,0406,President,,REP,Marco Rubio,11
Limestone,0101,President,,REP,Lindsey Graham,0
Limestone,0102,President,,REP,Lindsey Graham,0
Limestone,0103,President,,REP,Lindsey Graham,0
Limestone,0104,President,,REP,Lindsey Graham,0
Limestone,0201,President,,REP,Lindsey Graham,0
Limestone,0202,President,,REP,Lindsey Graham,0
Limestone,0203,President,,REP,Lindsey Graham,0
Limestone,0204,President,,REP,Lindsey Graham,0
Limestone,0205,President,,REP,Lindsey Graham,0
Limestone,0206,President,,REP,Lindsey Graham,0
Limestone,0301,President,,REP,Lindsey Graham,0
Limestone,0302,President,,REP,Lindsey Graham,0
Limestone,0303,President,,REP,Lindsey Graham,0
Limestone,0304,President,,REP,Lindsey Graham,0
Limestone,0305,President,,REP,Lindsey Graham,0
Limestone,0401,President,,REP,Lindsey Graham,1
Limestone,0402,President,,REP,Lindsey Graham,0
Limestone,0403,President,,REP,Lindsey Graham,0
Limestone,0404,President,,REP,Lindsey Graham,0
Limestone,0405,President,,REP,Lindsey Graham,0
Limestone,0406,President,,REP,Lindsey Graham,0
Limestone,0101,President,,REP,John R. Kasich,7
Limestone,0102,President,,REP,John R. Kasich,2
Limestone,0103,President,,REP,John R. Kasich,2
Limestone,0104,President,,REP,John R. Kasich,6
Limestone,0201,President,,REP,John R. Kasich,4
Limestone,0202,President,,REP,John R. Kasich,1
Limestone,0203,President,,REP,John R. Kasich,1
Limestone,0204,President,,REP,John R. Kasich,4
Limestone,0205,President,,REP,John R. Kasich,0
Limestone,0206,President,,REP,John R. Kasich,1
Limestone,0301,President,,REP,John R. Kasich,13
Limestone,0302,President,,REP,John R. Kasich,2
Limestone,0303,President,,REP,John R. Kasich,2
Limestone,0304,President,,REP,John R. Kasich,9
Limestone,0305,President,,REP,John R. Kasich,0
Limestone,0401,President,,REP,John R. Kasich,11
Limestone,0402,President,,REP,John R. Kasich,2
Limestone,0403,President,,REP,John R. Kasich,0
Limestone,0404,President,,REP,John R. Kasich,3
Limestone,0405,President,,REP,John R. Kasich,0
Limestone,0406,President,,REP,John R. Kasich,0
Limestone,0101,President,,REP,Elizabeth Gray,1
Limestone,0102,President,,REP,Elizabeth Gray,0
Limestone,0103,President,,REP,Elizabeth Gray,0
Limestone,0104,President,,REP,Elizabeth Gray,0
Limestone,0201,President,,REP,Elizabeth Gray,0
Limestone,0202,President,,REP,Elizabeth Gray,0
Limestone,0203,President,,REP,Elizabeth Gray,0
Limestone,0204,President,,REP,Elizabeth Gray,0
Limestone,0205,President,,REP,Elizabeth Gray,0
Limestone,0206,President,,REP,Elizabeth Gray,0
Limestone,0301,President,,REP,Elizabeth Gray,0
Limestone,0302,President,,REP,Elizabeth Gray,0
Limestone,0303,President,,REP,Elizabeth Gray,0
Limestone,0304,President,,REP,Elizabeth Gray,0
Limestone,0305,President,,REP,Elizabeth Gray,0
Limestone,0401,President,,REP,Elizabeth Gray,0
Limestone,0402,President,,REP,Elizabeth Gray,0
Limestone,0403,President,,REP,Elizabeth Gray,0
Limestone,0404,President,,REP,Elizabeth Gray,0
Limestone,0405,President,,REP,Elizabeth Gray,1
Limestone,0406,President,,REP,Elizabeth Gray,0
Limestone,0101,President,,REP,Rand Paul,1
Limestone,0102,President,,REP,Rand Paul,0
Limestone,0103,President,,REP,Rand Paul,0
Limestone,0104,President,,REP,Rand Paul,0
Limestone,0201,President,,REP,Rand Paul,0
Limestone,0202,President,,REP,Rand Paul,0
Limestone,0203,President,,REP,Rand Paul,0
Limestone,0204,President,,REP,Rand Paul,1
Limestone,0205,President,,REP,Rand Paul,1
Limestone,0206,President,,REP,Rand Paul,0
Limestone,0301,President,,REP,Rand Paul,3
Limestone,0302,President,,REP,Rand Paul,0
Limestone,0303,President,,REP,Rand Paul,0
Limestone,0304,President,,REP,Rand Paul,1
Limestone,0305,President,,REP,Rand Paul,0
Limestone,0401,President,,REP,Rand Paul,1
Limestone,0402,President,,REP,Rand Paul,1
Limestone,0403,President,,REP,Rand Paul,0
Limestone,0404,President,,REP,Rand Paul,0
Limestone,0405,President,,REP,Rand Paul,0
Limestone,0406,President,,REP,Rand Paul,0
Limestone,0101,President,,REP,Rick Santorum,0
Limestone,0102,President,,REP,Rick Santorum,0
Limestone,0103,President,,REP,Rick Santorum,0
Limestone,0104,President,,REP,Rick Santorum,0
Limestone,0201,President,,REP,Rick Santorum,0
Limestone,0202,President,,REP,Rick Santorum,0
Limestone,0203,President,,REP,Rick Santorum,0
Limestone,0204,President,,REP,Rick Santorum,0
Limestone,0205,President,,REP,Rick Santorum,1
Limestone,0206,President,,REP,Rick Santorum,0
Limestone,0301,President,,REP,Rick Santorum,0
Limestone,0302,President,,REP,Rick Santorum,0
Limestone,0303,President,,REP,Rick Santorum,0
Limestone,0304,President,,REP,Rick Santorum,0
Limestone,0305,President,,REP,Rick Santorum,0
Limestone,0401,President,,REP,Rick Santorum,1
Limestone,0402,President,,REP,Rick Santorum,0
Limestone,0403,President,,REP,Rick Santorum,0
Limestone,0404,President,,REP,Rick Santorum,0
Limestone,0405,President,,REP,Rick Santorum,0
Limestone,0406,President,,REP,Rick Santorum,0
Limestone,0101,President,,REP,Ted Cruz,209
Limestone,0102,President,,REP,Ted Cruz,101
Limestone,0103,President,,REP,Ted Cruz,108
Limestone,0104,President,,REP,Ted Cruz,120
Limestone,0201,President,,REP,Ted Cruz,40
Limestone,0202,President,,REP,Ted Cruz,8
Limestone,0203,President,,REP,Ted Cruz,9
Limestone,0204,President,,REP,Ted Cruz,86
Limestone,0205,President,,REP,Ted Cruz,57
Limestone,0206,President,,REP,Ted Cruz,55
Limestone,0301,President,,REP,Ted Cruz,179
Limestone,0302,President,,REP,Ted Cruz,81
Limestone,0303,President,,REP,Ted Cruz,27
Limestone,0304,President,,REP,Ted Cruz,145
Limestone,0305,President,,REP,Ted Cruz,46
Limestone,0401,President,,REP,Ted Cruz,122
Limestone,0402,President,,REP,Ted Cruz,71
Limestone,0403,President,,REP,Ted Cruz,44
Limestone,0404,President,,REP,Ted Cruz,76
Limestone,0405,President,,REP,Ted Cruz,76
Limestone,0406,President,,REP,Ted Cruz,32
Limestone,0101,President,,REP,Mike Huckabee,2
Limestone,0102,President,,REP,Mike Huckabee,1
Limestone,0103,President,,REP,Mike Huckabee,0
Limestone,0104,President,,REP,Mike Huckabee,0
Limestone,0201,President,,REP,Mike Huckabee,0
Limestone,0202,President,,REP,Mike Huckabee,0
Limestone,0203,President,,REP,Mike Huckabee,0
Limestone,0204,President,,REP,Mike Huckabee,0
Limestone,0205,President,,REP,Mike Huckabee,0
Limestone,0206,President,,REP,Mike Huckabee,0
Limestone,0301,President,,REP,Mike Huckabee,0
Limestone,0302,President,,REP,Mike Huckabee,1
Limestone,0303,President,,REP,Mike Huckabee,0
Limestone,0304,President,,REP,Mike Huckabee,1
Limestone,0305,President,,REP,Mike Huckabee,0
Limestone,0401,President,,REP,Mike Huckabee,1
Limestone,0402,President,,REP,Mike Huckabee,0
Limestone,0403,President,,REP,Mike Huckabee,0
Limestone,0404,President,,REP,Mike Huckabee,0
Limestone,0405,President,,REP,Mike Huckabee,2
Limestone,0406,President,,REP,Mike Huckabee,1
Limestone,0101,President,,REP,Chris Christie,1
Limestone,0102,President,,REP,Chris Christie,1
Limestone,0103,President,,REP,Chris Christie,0
Limestone,0104,President,,REP,Chris Christie,0
Limestone,0201,President,,REP,Chris Christie,0
Limestone,0202,President,,REP,Chris Christie,0
Limestone,0203,President,,REP,Chris Christie,0
Limestone,0204,President,,REP,Chris Christie,0
Limestone,0205,President,,REP,Chris Christie,0
Limestone,0206,President,,REP,Chris Christie,0
Limestone,0301,President,,REP,Chris Christie,0
Limestone,0302,President,,REP,Chris Christie,0
Limestone,0303,President,,REP,Chris Christie,0
Limestone,0304,President,,REP,Chris Christie,0
Limestone,0305,President,,REP,Chris Christie,0
Limestone,0401,President,,REP,Chris Christie,0
Limestone,0402,President,,REP,Chris Christie,0
Limestone,0403,President,,REP,Chris Christie,0
Limestone,0404,President,,REP,Chris Christie,3
Limestone,0405,President,,REP,Chris Christie,0
Limestone,0406,President,,REP,Chris Christie,0
Limestone,0101,President,,REP,Carly Fiorina,0
Limestone,0102,President,,REP,Carly Fiorina,0
Limestone,0103,President,,REP,Carly Fiorina,0
Limestone,0104,President,,REP,Carly Fiorina,0
Limestone,0201,President,,REP,Carly Fiorina,0
Limestone,0202,President,,REP,Carly Fiorina,0
Limestone,0203,President,,REP,Carly Fiorina,0
Limestone,0204,President,,REP,Carly Fiorina,0
Limestone,0205,President,,REP,Carly Fiorina,0
Limestone,0206,President,,REP,Carly Fiorina,0
Limestone,0301,President,,REP,Carly Fiorina,0
Limestone,0302,President,,REP,Carly Fiorina,0
Limestone,0303,President,,REP,Carly Fiorina,0
Limestone,0304,President,,REP,Carly Fiorina,0
Limestone,0305,President,,REP,Carly Fiorina,0
Limestone,0401,President,,REP,Carly Fiorina,0
Limestone,0402,President,,REP,Carly Fiorina,0
Limestone,0403,President,,REP,Carly Fiorina,0
Limestone,0404,President,,REP,Carly Fiorina,0
Limestone,0405,President,,REP,Carly Fiorina,0
Limestone,0406,President,,REP,Carly Fiorina,0
Limestone,0101,President,,REP,Donald J. Trump,153
Limestone,0102,President,,REP,Donald J. Trump,94
Limestone,0103,President,,REP,Donald J. Trump,92
Limestone,0104,President,,REP,Donald J. Trump,92
Limestone,0201,President,,REP,Donald J. Trump,41
Limestone,0202,President,,REP,Donald J. Trump,6
Limestone,0203,President,,REP,Donald J. Trump,14
Limestone,0204,President,,REP,Donald J. Trump,47
Limestone,0205,President,,REP,Donald J. Trump,39
Limestone,0206,President,,REP,Donald J. Trump,48
Limestone,0301,President,,REP,Donald J. Trump,121
Limestone,0302,President,,REP,Donald J. Trump,62
Limestone,0303,President,,REP,Donald J. Trump,23
Limestone,0304,President,,REP,Donald J. Trump,93
Limestone,0305,President,,REP,Donald J. Trump,56
Limestone,0401,President,,REP,Donald J. Trump,115
Limestone,0402,President,,REP,Donald J. Trump,59
Limestone,0403,President,,REP,Donald J. Trump,42
Limestone,0404,President,,REP,Donald J. Trump,46
Limestone,0405,President,,REP,Donald J. Trump,35
Limestone,0406,President,,REP,Donald J. Trump,31
Limestone,0101,President,,REP,Jeb Bush,7
Limestone,0102,President,,REP,Jeb Bush,1
Limestone,0103,President,,REP,Jeb Bush,1
Limestone,0104,President,,REP,Jeb Bush,1
Limestone,0201,President,,REP,Jeb Bush,1
Limestone,0202,President,,REP,Jeb Bush,2
Limestone,0203,President,,REP,Jeb Bush,0
Limestone,0204,President,,REP,Jeb Bush,0
Limestone,0205,President,,REP,Jeb Bush,1
Limestone,0206,President,,REP,Jeb Bush,1
Limestone,0301,President,,REP,Jeb Bush,8
Limestone,0302,President,,REP,Jeb Bush,2
Limestone,0303,President,,REP,Jeb Bush,2
Limestone,0304,President,,REP,Jeb Bush,6
Limestone,0305,President,,REP,Jeb Bush,2
Limestone,0401,President,,REP,Jeb Bush,8
Limestone,0402,President,,REP,Jeb Bush,1
Limestone,0403,President,,REP,Jeb Bush,2
Limestone,0404,President,,REP,Jeb Bush,0
Limestone,0405,President,,REP,Jeb Bush,1
Limestone,0406,President,,REP,Jeb Bush,0
Limestone,0101,President,,REP,Uncommitted,2
Limestone,0102,President,,REP,Uncommitted,3
Limestone,0103,President,,REP,Uncommitted,2
Limestone,0104,President,,REP,Uncommitted,6
Limestone,0201,President,,REP,Uncommitted,1
Limestone,0202,President,,REP,Uncommitted,0
Limestone,0203,President,,REP,Uncommitted,0
Limestone,0204,President,,REP,Uncommitted,1
Limestone,0205,President,,REP,Uncommitted,2
Limestone,0206,President,,REP,Uncommitted,2
Limestone,0301,President,,REP,Uncommitted,10
Limestone,0302,President,,REP,Uncommitted,3
Limestone,0303,President,,REP,Uncommitted,0
Limestone,0304,President,,REP,Uncommitted,7
Limestone,0305,President,,REP,Uncommitted,4
Limestone,0401,President,,REP,Uncommitted,3
Limestone,0402,President,,REP,Uncommitted,0
Limestone,0403,President,,REP,Uncommitted,0
Limestone,0404,President,,REP,Uncommitted,1
Limestone,0405,President,,REP,Uncommitted,0
Limestone,0406,President,,REP,Uncommitted,0
Limestone,0101,President,,REP,OVER VOTES,0
Limestone,0102,President,,REP,OVER VOTES,0
Limestone,0103,President,,REP,OVER VOTES,0
Limestone,0104,President,,REP,OVER VOTES,0
Limestone,0201,President,,REP,OVER VOTES,0
Limestone,0202,President,,REP,OVER VOTES,0
Limestone,0203,President,,REP,OVER VOTES,0
Limestone,0204,President,,REP,OVER VOTES,0
Limestone,0205,President,,REP,OVER VOTES,0
Limestone,0206,President,,REP,OVER VOTES,0
Limestone,0301,President,,REP,OVER VOTES,0
Limestone,0302,President,,REP,OVER VOTES,0
Limestone,0303,President,,REP,OVER VOTES,0
Limestone,0304,President,,REP,OVER VOTES,0
Limestone,0305,President,,REP,OVER VOTES,0
Limestone,0401,President,,REP,OVER VOTES,0
Limestone,0402,President,,REP,OVER VOTES,0
Limestone,0403,President,,REP,OVER VOTES,0
Limestone,0404,President,,REP,OVER VOTES,0
Limestone,0405,President,,REP,OVER VOTES,0
Limestone,0406,President,,REP,OVER VOTES,0
Limestone,0101,President,,REP,UNDER VOTES,3
Limestone,0102,President,,REP,UNDER VOTES,1
Limestone,0103,President,,REP,UNDER VOTES,1
Limestone,0104,President,,REP,UNDER VOTES,1
Limestone,0201,President,,REP,UNDER VOTES,0
Limestone,0202,President,,REP,UNDER VOTES,0
Limestone,0203,President,,REP,UNDER VOTES,0
Limestone,0204,President,,REP,UNDER VOTES,1
Limestone,0205,President,,REP,UNDER VOTES,1
Limestone,0206,President,,REP,UNDER VOTES,0
Limestone,0301,President,,REP,UNDER VOTES,9
Limestone,0302,President,,REP,UNDER VOTES,7
Limestone,0303,President,,REP,UNDER VOTES,0
Limestone,0304,President,,REP,UNDER VOTES,10
Limestone,0305,President,,REP,UNDER VOTES,1
Limestone,0401,President,,REP,UNDER VOTES,0
Limestone,0402,President,,REP,UNDER VOTES,1
Limestone,0403,President,,REP,UNDER VOTES,0
Limestone,0404,President,,REP,UNDER VOTES,0
Limestone,0405,President,,REP,UNDER VOTES,1
Limestone,0406,President,,REP,UNDER VOTES,0
Limestone,0101,U.S. House,17,REP,Ralph Patterson,37
Limestone,0102,U.S. House,17,REP,Ralph Patterson,11
Limestone,0103,U.S. House,17,REP,Ralph Patterson,18
Limestone,0104,U.S. House,17,REP,Ralph Patterson,38
Limestone,0201,U.S. House,17,REP,Ralph Patterson,13
Limestone,0202,U.S. House,17,REP,Ralph Patterson,3
Limestone,0203,U.S. House,17,REP,Ralph Patterson,1
Limestone,0204,U.S. House,17,REP,Ralph Patterson,20
Limestone,0205,U.S. House,17,REP,Ralph Patterson,8
Limestone,0206,U.S. House,17,REP,Ralph Patterson,5
Limestone,0301,U.S. House,17,REP,Ralph Patterson,39
Limestone,0302,U.S. House,17,REP,Ralph Patterson,19
Limestone,0303,U.S. House,17,REP,Ralph Patterson,15
Limestone,0304,U.S. House,17,REP,Ralph Patterson,23
Limestone,0305,U.S. House,17,REP,Ralph Patterson,20
Limestone,0401,U.S. House,17,REP,Ralph Patterson,49
Limestone,0402,U.S. House,17,REP,Ralph Patterson,18
Limestone,0403,U.S. House,17,REP,Ralph Patterson,17
Limestone,0404,U.S. House,17,REP,Ralph Patterson,19
Limestone,0405,U.S. House,17,REP,Ralph Patterson,16
Limestone,0406,U.S. House,17,REP,Ralph Patterson,6
Limestone,0101,U.S. House,17,REP,Kaleb Sims,263
Limestone,0102,U.S. House,17,REP,Kaleb Sims,142
Limestone,0103,U.S. House,17,REP,Kaleb Sims,91
Limestone,0104,U.S. House,17,REP,Kaleb Sims,103
Limestone,0201,U.S. House,17,REP,Kaleb Sims,25
Limestone,0202,U.S. House,17,REP,Kaleb Sims,9
Limestone,0203,U.S. House,17,REP,Kaleb Sims,5
Limestone,0204,U.S. House,17,REP,Kaleb Sims,18
Limestone,0205,U.S. House,17,REP,Kaleb Sims,22
Limestone,0206,U.S. House,17,REP,Kaleb Sims,37
Limestone,0301,U.S. House,17,REP,Kaleb Sims,229
Limestone,0302,U.S. House,17,REP,Kaleb Sims,70
Limestone,0303,U.S. House,17,REP,Kaleb Sims,20
Limestone,0304,U.S. House,17,REP,Kaleb Sims,116
Limestone,0305,U.S. House,17,REP,Kaleb Sims,30
Limestone,0401,U.S. House,17,REP,Kaleb Sims,84
Limestone,0402,U.S. House,17,REP,Kaleb Sims,60
Limestone,0403,U.S. House,17,REP,Kaleb Sims,25
Limestone,0404,U.S. House,17,REP,Kaleb Sims,65
Limestone,0405,U.S. House,17,REP,Kaleb Sims,65
Limestone,0406,U.S. House,17,REP,Kaleb Sims,38
Limestone,0101,U.S. House,17,REP,Bill Flores,163
Limestone,0102,U.S. House,17,REP,Bill Flores,65
Limestone,0103,U.S. House,17,REP,Bill Flores,111
Limestone,0104,U.S. House,17,REP,Bill Flores,102
Limestone,0201,U.S. House,17,REP,Bill Flores,65
Limestone,0202,U.S. House,17,REP,Bill Flores,12
Limestone,0203,U.S. House,17,REP,Bill Flores,18
Limestone,0204,U.S. House,17,REP,Bill Flores,98
Limestone,0205,U.S. House,17,REP,Bill Flores,74
Limestone,0206,U.S. House,17,REP,Bill Flores,69
Limestone,0301,U.S. House,17,REP,Bill Flores,132
Limestone,0302,U.S. House,17,REP,Bill Flores,81
Limestone,0303,U.S. House,17,REP,Bill Flores,24
Limestone,0304,U.S. House,17,REP,Bill Flores,148
Limestone,0305,U.S. House,17,REP,Bill Flores,67
Limestone,0401,U.S. House,17,REP,Bill Flores,153
Limestone,0402,U.S. House,17,REP,Bill Flores,66
Limestone,0403,U.S. House,17,REP,Bill Flores,53
Limestone,0404,U.S. House,17,REP,Bill Flores,60
Limestone,0405,U.S. House,17,REP,Bill Flores,35
Limestone,0406,U.S. House,17,REP,Bill Flores,30
Limestone,0101,U.S. House,17,REP,OVER VOTES,0
Limestone,0102,U.S. House,17,REP,OVER VOTES,0
Limestone,0103,U.S. House,17,REP,OVER VOTES,0
Limestone,0104,U.S. House,17,REP,OVER VOTES,0
Limestone,0201,U.S. House,17,REP,OVER VOTES,0
Limestone,0202,U.S. House,17,REP,OVER VOTES,0
Limestone,0203,U.S. House,17,REP,OVER VOTES,0
Limestone,0204,U.S. House,17,REP,OVER VOTES,0
Limestone,0205,U.S. House,17,REP,OVER VOTES,0
Limestone,0206,U.S. House,17,REP,OVER VOTES,0
Limestone,0301,U.S. House,17,REP,OVER VOTES,0
Limestone,0302,U.S. House,17,REP,OVER VOTES,0
Limestone,0303,U.S. House,17,REP,OVER VOTES,0
Limestone,0304,U.S. House,17,REP,OVER VOTES,0
Limestone,0305,U.S. House,17,REP,OVER VOTES,0
Limestone,0401,U.S. House,17,REP,OVER VOTES,0
Limestone,0402,U.S. House,17,REP,OVER VOTES,0
Limestone,0403,U.S. House,17,REP,OVER VOTES,0
Limestone,0404,U.S. House,17,REP,OVER VOTES,0
Limestone,0405,U.S. House,17,REP,OVER VOTES,0
Limestone,0406,U.S. House,17,REP,OVER VOTES,0
Limestone,0101,U.S. House,17,REP,UNDER VOTES,17
Limestone,0102,U.S. House,17,REP,UNDER VOTES,9
Limestone,0103,U.S. House,17,REP,UNDER VOTES,16
Limestone,0104,U.S. House,17,REP,UNDER VOTES,15
Limestone,0201,U.S. House,17,REP,UNDER VOTES,6
Limestone,0202,U.S. House,17,REP,UNDER VOTES,0
Limestone,0203,U.S. House,17,REP,UNDER VOTES,3
Limestone,0204,U.S. House,17,REP,UNDER VOTES,13
Limestone,0205,U.S. House,17,REP,UNDER VOTES,11
Limestone,0206,U.S. House,17,REP,UNDER VOTES,9
Limestone,0301,U.S. House,17,REP,UNDER VOTES,22
Limestone,0302,U.S. House,17,REP,UNDER VOTES,14
Limestone,0303,U.S. House,17,REP,UNDER VOTES,1
Limestone,0304,U.S. House,17,REP,UNDER VOTES,26
Limestone,0305,U.S. House,17,REP,UNDER VOTES,11
Limestone,0401,U.S. House,17,REP,UNDER VOTES,25
Limestone,0402,U.S. House,17,REP,UNDER VOTES,18
Limestone,0403,U.S. House,17,REP,UNDER VOTES,14
Limestone,0404,U.S. House,17,REP,UNDER VOTES,12
Limestone,0405,U.S. House,17,REP,UNDER VOTES,9
Limestone,0406,U.S. House,17,REP,UNDER VOTES,5
Limestone,0101,Railroad Commissioner,,REP,Wayne Christian,99
Limestone,0102,Railroad Commissioner,,REP,Wayne Christian,46
Limestone,0103,Railroad Commissioner,,REP,Wayne Christian,39
Limestone,0104,Railroad Commissioner,,REP,Wayne Christian,49
Limestone,0201,Railroad Commissioner,,REP,Wayne Christian,27
Limestone,0202,Railroad Commissioner,,REP,Wayne Christian,5
Limestone,0203,Railroad Commissioner,,REP,Wayne Christian,4
Limestone,0204,Railroad Commissioner,,REP,Wayne Christian,36
Limestone,0205,Railroad Commissioner,,REP,Wayne Christian,14
Limestone,0206,Railroad Commissioner,,REP,Wayne Christian,27
Limestone,0301,Railroad Commissioner,,REP,Wayne Christian,83
Limestone,0302,Railroad Commissioner,,REP,Wayne Christian,43
Limestone,0303,Railroad Commissioner,,REP,Wayne Christian,15
Limestone,0304,Railroad Commissioner,,REP,Wayne Christian,67
Limestone,0305,Railroad Commissioner,,REP,Wayne Christian,25
Limestone,0401,Railroad Commissioner,,REP,Wayne Christian,68
Limestone,0402,Railroad Commissioner,,REP,Wayne Christian,31
Limestone,0403,Railroad Commissioner,,REP,Wayne Christian,24
Limestone,0404,Railroad Commissioner,,REP,Wayne Christian,30
Limestone,0405,Railroad Commissioner,,REP,Wayne Christian,29
Limestone,0406,Railroad Commissioner,,REP,Wayne Christian,20
Limestone,0101,Railroad Commissioner,,REP,Lance N. Christian,46
Limestone,0102,Railroad Commissioner,,REP,Lance N. Christian,17
Limestone,0103,Railroad Commissioner,,REP,Lance N. Christian,19
Limestone,0104,Railroad Commissioner,,REP,Lance N. Christian,17
Limestone,0201,Railroad Commissioner,,REP,Lance N. Christian,10
Limestone,0202,Railroad Commissioner,,REP,Lance N. Christian,3
Limestone,0203,Railroad Commissioner,,REP,Lance N. Christian,1
Limestone,0204,Railroad Commissioner,,REP,Lance N. Christian,17
Limestone,0205,Railroad Commissioner,,REP,Lance N. Christian,13
Limestone,0206,Railroad Commissioner,,REP,Lance N. Christian,9
Limestone,0301,Railroad Commissioner,,REP,Lance N. Christian,34
Limestone,0302,Railroad Commissioner,,REP,Lance N. Christian,21
Limestone,0303,Railroad Commissioner,,REP,Lance N. Christian,5
Limestone,0304,Railroad Commissioner,,REP,Lance N. Christian,35
Limestone,0305,Railroad Commissioner,,REP,Lance N. Christian,12
Limestone,0401,Railroad Commissioner,,REP,Lance N. Christian,39
Limestone,0402,Railroad Commissioner,,REP,Lance N. Christian,13
Limestone,0403,Railroad Commissioner,,REP,Lance N. Christian,7
Limestone,0404,Railroad Commissioner,,REP,Lance N. Christian,15
Limestone,0405,Railroad Commissioner,,REP,Lance N. Christian,11
Limestone,0406,Railroad Commissioner,,REP,Lance N. Christian,9
Limestone,0101,Railroad Commissioner,,REP,Ron Hale,78
Limestone,0102,Railroad Commissioner,,REP,Ron Hale,33
Limestone,0103,Railroad Commissioner,,REP,Ron Hale,49
Limestone,0104,Railroad Commissioner,,REP,Ron Hale,40
Limestone,0201,Railroad Commissioner,,REP,Ron Hale,20
Limestone,0202,Railroad Commissioner,,REP,Ron Hale,5
Limestone,0203,Railroad Commissioner,,REP,Ron Hale,7
Limestone,0204,Railroad Commissioner,,REP,Ron Hale,19
Limestone,0205,Railroad Commissioner,,REP,Ron Hale,18
Limestone,0206,Railroad Commissioner,,REP,Ron Hale,15
Limestone,0301,Railroad Commissioner,,REP,Ron Hale,65
Limestone,0302,Railroad Commissioner,,REP,Ron Hale,28
Limestone,0303,Railroad Commissioner,,REP,Ron Hale,9
Limestone,0304,Railroad Commissioner,,REP,Ron Hale,56
Limestone,0305,Railroad Commissioner,,REP,Ron Hale,27
Limestone,0401,Railroad Commissioner,,REP,Ron Hale,38
Limestone,0402,Railroad Commissioner,,REP,Ron Hale,33
Limestone,0403,Railroad Commissioner,,REP,Ron Hale,13
Limestone,0404,Railroad Commissioner,,REP,Ron Hale,34
Limestone,0405,Railroad Commissioner,,REP,Ron Hale,18
Limestone,0406,Railroad Commissioner,,REP,Ron Hale,8
Limestone,0101,Railroad Commissioner,,REP,Gary Gates,67
Limestone,0102,Railroad Commissioner,,REP,Gary Gates,41
Limestone,0103,Railroad Commissioner,,REP,Gary Gates,42
Limestone,0104,Railroad Commissioner,,REP,Gary Gates,55
Limestone,0201,Railroad Commissioner,,REP,Gary Gates,12
Limestone,0202,Railroad Commissioner,,REP,Gary Gates,3
Limestone,0203,Railroad Commissioner,,REP,Gary Gates,2
Limestone,0204,Railroad Commissioner,,REP,Gary Gates,24
Limestone,0205,Railroad Commissioner,,REP,Gary Gates,18
Limestone,0206,Railroad Commissioner,,REP,Gary Gates,24
Limestone,0301,Railroad Commissioner,,REP,Gary Gates,91
Limestone,0302,Railroad Commissioner,,REP,Gary Gates,26
Limestone,0303,Railroad Commissioner,,REP,Gary Gates,13
Limestone,0304,Railroad Commissioner,,REP,Gary Gates,43
Limestone,0305,Railroad Commissioner,,REP,Gary Gates,14
Limestone,0401,Railroad Commissioner,,REP,Gary Gates,66
Limestone,0402,Railroad Commissioner,,REP,Gary Gates,25
Limestone,0403,Railroad Commissioner,,REP,Gary Gates,15
Limestone,0404,Railroad Commissioner,,REP,Gary Gates,17
Limestone,0405,Railroad Commissioner,,REP,Gary Gates,28
Limestone,0406,Railroad Commissioner,,REP,Gary Gates,18
Limestone,0101,Railroad Commissioner,,REP,Doug Jeffrey,18
Limestone,0102,Railroad Commissioner,,REP,Doug Jeffrey,10
Limestone,0103,Railroad Commissioner,,REP,Doug Jeffrey,8
Limestone,0104,Railroad Commissioner,,REP,Doug Jeffrey,12
Limestone,0201,Railroad Commissioner,,REP,Doug Jeffrey,8
Limestone,0202,Railroad Commissioner,,REP,Doug Jeffrey,2
Limestone,0203,Railroad Commissioner,,REP,Doug Jeffrey,0
Limestone,0204,Railroad Commissioner,,REP,Doug Jeffrey,4
Limestone,0205,Railroad Commissioner,,REP,Doug Jeffrey,11
Limestone,0206,Railroad Commissioner,,REP,Doug Jeffrey,7
Limestone,0301,Railroad Commissioner,,REP,Doug Jeffrey,20
Limestone,0302,Railroad Commissioner,,REP,Doug Jeffrey,12
Limestone,0303,Railroad Commissioner,,REP,Doug Jeffrey,3
Limestone,0304,Railroad Commissioner,,REP,Doug Jeffrey,17
Limestone,0305,Railroad Commissioner,,REP,Doug Jeffrey,5
Limestone,0401,Railroad Commissioner,,REP,Doug Jeffrey,11
Limestone,0402,Railroad Commissioner,,REP,Doug Jeffrey,9
Limestone,0403,Railroad Commissioner,,REP,Doug Jeffrey,8
Limestone,0404,Railroad Commissioner,,REP,Doug Jeffrey,9
Limestone,0405,Railroad Commissioner,,REP,Doug Jeffrey,4
Limestone,0406,Railroad Commissioner,,REP,Doug Jeffrey,5
Limestone,0101,Railroad Commissioner,,REP,Weston Martinez,21
Limestone,0102,Railroad Commissioner,,REP,Weston Martinez,4
Limestone,0103,Railroad Commissioner,,REP,Weston Martinez,9
Limestone,0104,Railroad Commissioner,,REP,Weston Martinez,17
Limestone,0201,Railroad Commissioner,,REP,Weston Martinez,6
Limestone,0202,Railroad Commissioner,,REP,Weston Martinez,3
Limestone,0203,Railroad Commissioner,,REP,Weston Martinez,2
Limestone,0204,Railroad Commissioner,,REP,Weston Martinez,4
Limestone,0205,Railroad Commissioner,,REP,Weston Martinez,6
Limestone,0206,Railroad Commissioner,,REP,Weston Martinez,3
Limestone,0301,Railroad Commissioner,,REP,Weston Martinez,11
Limestone,0302,Railroad Commissioner,,REP,Weston Martinez,11
Limestone,0303,Railroad Commissioner,,REP,Weston Martinez,1
Limestone,0304,Railroad Commissioner,,REP,Weston Martinez,13
Limestone,0305,Railroad Commissioner,,REP,Weston Martinez,7
Limestone,0401,Railroad Commissioner,,REP,Weston Martinez,15
Limestone,0402,Railroad Commissioner,,REP,Weston Martinez,7
Limestone,0403,Railroad Commissioner,,REP,Weston Martinez,5
Limestone,0404,Railroad Commissioner,,REP,Weston Martinez,9
Limestone,0405,Railroad Commissioner,,REP,Weston Martinez,2
Limestone,0406,Railroad Commissioner,,REP,Weston Martinez,0
Limestone,0101,Railroad Commissioner,,REP,John Greytok,26
Limestone,0102,Railroad Commissioner,,REP,John Greytok,15
Limestone,0103,Railroad Commissioner,,REP,John Greytok,6
Limestone,0104,Railroad Commissioner,,REP,John Greytok,13
Limestone,0201,Railroad Commissioner,,REP,John Greytok,5
Limestone,0202,Railroad Commissioner,,REP,John Greytok,0
Limestone,0203,Railroad Commissioner,,REP,John Greytok,0
Limestone,0204,Railroad Commissioner,,REP,John Greytok,8
Limestone,0205,Railroad Commissioner,,REP,John Greytok,4
Limestone,0206,Railroad Commissioner,,REP,John Greytok,3
Limestone,0301,Railroad Commissioner,,REP,John Greytok,14
Limestone,0302,Railroad Commissioner,,REP,John Greytok,9
Limestone,0303,Railroad Commissioner,,REP,John Greytok,0
Limestone,0304,Railroad Commissioner,,REP,John Greytok,14
Limestone,0305,Railroad Commissioner,,REP,John Greytok,3
Limestone,0401,Railroad Commissioner,,REP,John Greytok,9
Limestone,0402,Railroad Commissioner,,REP,John Greytok,4
Limestone,0403,Railroad Commissioner,,REP,John Greytok,2
Limestone,0404,Railroad Commissioner,,REP,John Greytok,3
Limestone,0405,Railroad Commissioner,,REP,John Greytok,6
Limestone,0406,Railroad Commissioner,,REP,John Greytok,5
Limestone,0101,Railroad Commissioner,,REP,OVER VOTES,0
Limestone,0102,Railroad Commissioner,,REP,OVER VOTES,0
Limestone,0103,Railroad Commissioner,,REP,OVER VOTES,0
Limestone,0104,Railroad Commissioner,,REP,OVER VOTES,0
Limestone,0201,Railroad Commissioner,,REP,OVER VOTES,0
Limestone,0202,Railroad Commissioner,,REP,OVER VOTES,0
Limestone,0203,Railroad Commissioner,,REP,OVER VOTES,0
Limestone,0204,Railroad Commissioner,,REP,OVER VOTES,0
Limestone,0205,Railroad Commissioner,,REP,OVER VOTES,0
Limestone,0206,Railroad Commissioner,,REP,OVER VOTES,0
Limestone,0301,Railroad Commissioner,,REP,OVER VOTES,0
Limestone,0302,Railroad Commissioner,,REP,OVER VOTES,0
Limestone,0303,Railroad Commissioner,,REP,OVER VOTES,0
Limestone,0304,Railroad Commissioner,,REP,OVER VOTES,0
Limestone,0305,Railroad Commissioner,,REP,OVER VOTES,0
Limestone,0401,Railroad Commissioner,,REP,OVER VOTES,0
Limestone,0402,Railroad Commissioner,,REP,OVER VOTES,0
Limestone,0403,Railroad Commissioner,,REP,OVER VOTES,0
Limestone,0404,Railroad Commissioner,,REP,OVER VOTES,0
Limestone,0405,Railroad Commissioner,,REP,OVER VOTES,0
Limestone,0406,Railroad Commissioner,,REP,OVER VOTES,0
Limestone,0101,Railroad Commissioner,,REP,UNDER VOTES,125
Limestone,0102,Railroad Commissioner,,REP,UNDER VOTES,61
Limestone,0103,Railroad Commissioner,,REP,UNDER VOTES,64
Limestone,0104,Railroad Commissioner,,REP,UNDER VOTES,55
Limestone,0201,Railroad Commissioner,,REP,UNDER VOTES,21
Limestone,0202,Railroad Commissioner,,REP,UNDER VOTES,3
Limestone,0203,Railroad Commissioner,,REP,UNDER VOTES,11
Limestone,0204,Railroad Commissioner,,REP,UNDER VOTES,37
Limestone,0205,Railroad Commissioner,,REP,UNDER VOTES,31
Limestone,0206,Railroad Commissioner,,REP,UNDER VOTES,32
Limestone,0301,Railroad Commissioner,,REP,UNDER VOTES,111
Limestone,0302,Railroad Commissioner,,REP,UNDER VOTES,34
Limestone,0303,Railroad Commissioner,,REP,UNDER VOTES,14
Limestone,0304,Railroad Commissioner,,REP,UNDER VOTES,68
Limestone,0305,Railroad Commissioner,,REP,UNDER VOTES,35
Limestone,0401,Railroad Commissioner,,REP,UNDER VOTES,65
Limestone,0402,Railroad Commissioner,,REP,UNDER VOTES,40
Limestone,0403,Railroad Commissioner,,REP,UNDER VOTES,35
Limestone,0404,Railroad Commissioner,,REP,UNDER VOTES,39
Limestone,0405,Railroad Commissioner,,REP,UNDER VOTES,27
Limestone,0406,Railroad Commissioner,,REP,UNDER VOTES,14
Limestone,0101,"Justice, Supreme Court, Place 3",,REP,Debra Lehrmann,224
Limestone,0102,"Justice, Supreme Court, Place 3",,REP,Debra Lehrmann,110
Limestone,0103,"Justice, Supreme Court, Place 3",,REP,Debra Lehrmann,96
Limestone,0104,"Justice, Supreme Court, Place 3",,REP,Debra Lehrmann,128
Limestone,0201,"Justice, Supreme Court, Place 3",,REP,Debra Lehrmann,54
Limestone,0202,"Justice, Supreme Court, Place 3",,REP,Debra Lehrmann,12
Limestone,0203,"Justice, Supreme Court, Place 3",,REP,Debra Lehrmann,14
Limestone,0204,"Justice, Supreme Court, Place 3",,REP,Debra Lehrmann,75
Limestone,0205,"Justice, Supreme Court, Place 3",,REP,Debra Lehrmann,51
Limestone,0206,"Justice, Supreme Court, Place 3",,REP,Debra Lehrmann,59
Limestone,0301,"Justice, Supreme Court, Place 3",,REP,Debra Lehrmann,214
Limestone,0302,"Justice, Supreme Court, Place 3",,REP,Debra Lehrmann,82
Limestone,0303,"Justice, Supreme Court, Place 3",,REP,Debra Lehrmann,31
Limestone,0304,"Justice, Supreme Court, Place 3",,REP,Debra Lehrmann,148
Limestone,0305,"Justice, Supreme Court, Place 3",,REP,Debra Lehrmann,56
Limestone,0401,"Justice, Supreme Court, Place 3",,REP,Debra Lehrmann,159
Limestone,0402,"Justice, Supreme Court, Place 3",,REP,Debra Lehrmann,77
Limestone,0403,"Justice, Supreme Court, Place 3",,REP,Debra Lehrmann,49
Limestone,0404,"Justice, Supreme Court, Place 3",,REP,Debra Lehrmann,79
Limestone,0405,"Justice, Supreme Court, Place 3",,REP,Debra Lehrmann,55
Limestone,0406,"Justice, Supreme Court, Place 3",,REP,Debra Lehrmann,38
Limestone,0101,"Justice, Supreme Court, Place 3",,REP,Michael Massengale,140
Limestone,0102,"Justice, Supreme Court, Place 3",,REP,Michael Massengale,64
Limestone,0103,"Justice, Supreme Court, Place 3",,REP,Michael Massengale,85
Limestone,0104,"Justice, Supreme Court, Place 3",,REP,Michael Massengale,80
Limestone,0201,"Justice, Supreme Court, Place 3",,REP,Michael Massengale,36
Limestone,0202,"Justice, Supreme Court, Place 3",,REP,Michael Massengale,11
Limestone,0203,"Justice, Supreme Court, Place 3",,REP,Michael Massengale,6
Limestone,0204,"Justice, Supreme Court, Place 3",,REP,Michael Massengale,44
Limestone,0205,"Justice, Supreme Court, Place 3",,REP,Michael Massengale,40
Limestone,0206,"Justice, Supreme Court, Place 3",,REP,Michael Massengale,34
Limestone,0301,"Justice, Supreme Court, Place 3",,REP,Michael Massengale,120
Limestone,0302,"Justice, Supreme Court, Place 3",,REP,Michael Massengale,68
Limestone,0303,"Justice, Supreme Court, Place 3",,REP,Michael Massengale,18
Limestone,0304,"Justice, Supreme Court, Place 3",,REP,Michael Massengale,100
Limestone,0305,"Justice, Supreme Court, Place 3",,REP,Michael Massengale,35
Limestone,0401,"Justice, Supreme Court, Place 3",,REP,Michael Massengale,103
Limestone,0402,"Justice, Supreme Court, Place 3",,REP,Michael Massengale,50
Limestone,0403,"Justice, Supreme Court, Place 3",,REP,Michael Massengale,31
Limestone,0404,"Justice, Supreme Court, Place 3",,REP,Michael Massengale,50
Limestone,0405,"Justice, Supreme Court, Place 3",,REP,Michael Massengale,43
Limestone,0406,"Justice, Supreme Court, Place 3",,REP,Michael Massengale,27
Limestone,0101,"Justice, Supreme Court, Place 3",,REP,OVER VOTES,0
Limestone,0102,"Justice, Supreme Court, Place 3",,REP,OVER VOTES,0
Limestone,0103,"Justice, Supreme Court, Place 3",,REP,OVER VOTES,0
Limestone,0104,"Justice, Supreme Court, Place 3",,REP,OVER VOTES,0
Limestone,0201,"Justice, Supreme Court, Place 3",,REP,OVER VOTES,0
Limestone,0202,"Justice, Supreme Court, Place 3",,REP,OVER VOTES,0
Limestone,0203,"Justice, Supreme Court, Place 3",,REP,OVER VOTES,0
Limestone,0204,"Justice, Supreme Court, Place 3",,REP,OVER VOTES,0
Limestone,0205,"Justice, Supreme Court, Place 3",,REP,OVER VOTES,0
Limestone,0206,"Justice, Supreme Court, Place 3",,REP,OVER VOTES,0
Limestone,0301,"Justice, Supreme Court, Place 3",,REP,OVER VOTES,0
Limestone,0302,"Justice, Supreme Court, Place 3",,REP,OVER VOTES,0
Limestone,0303,"Justice, Supreme Court, Place 3",,REP,OVER VOTES,0
Limestone,0304,"Justice, Supreme Court, Place 3",,REP,OVER VOTES,0
Limestone,0305,"Justice, Supreme Court, Place 3",,REP,OVER VOTES,0
Limestone,0401,"Justice, Supreme Court, Place 3",,REP,OVER VOTES,0
Limestone,0402,"Justice, Supreme Court, Place 3",,REP,OVER VOTES,0
Limestone,0403,"Justice, Supreme Court, Place 3",,REP,OVER VOTES,0
Limestone,0404,"Justice, Supreme Court, Place 3",,REP,OVER VOTES,0
Limestone,0405,"Justice, Supreme Court, Place 3",,REP,OVER VOTES,0
Limestone,0406,"Justice, Supreme Court, Place 3",,REP,OVER VOTES,0
Limestone,0101,"Justice, Supreme Court, Place 3",,REP,UNDER VOTES,116
Limestone,0102,"Justice, Supreme Court, Place 3",,REP,UNDER VOTES,53
Limestone,0103,"Justice, Supreme Court, Place 3",,REP,UNDER VOTES,55
Limestone,0104,"Justice, Supreme Court, Place 3",,REP,UNDER VOTES,50
Limestone,0201,"Justice, Supreme Court, Place 3",,REP,UNDER VOTES,19
Limestone,0202,"Justice, Supreme Court, Place 3",,REP,UNDER VOTES,1
Limestone,0203,"Justice, Supreme Court, Place 3",,REP,UNDER VOTES,7
Limestone,0204,"Justice, Supreme Court, Place 3",,REP,UNDER VOTES,30
Limestone,0205,"Justice, Supreme Court, Place 3",,REP,UNDER VOTES,24
Limestone,0206,"Justice, Supreme Court, Place 3",,REP,UNDER VOTES,27
Limestone,0301,"Justice, Supreme Court, Place 3",,REP,UNDER VOTES,96
Limestone,0302,"Justice, Supreme Court, Place 3",,REP,UNDER VOTES,34
Limestone,0303,"Justice, Supreme Court, Place 3",,REP,UNDER VOTES,11
Limestone,0304,"Justice, Supreme Court, Place 3",,REP,UNDER VOTES,65
Limestone,0305,"Justice, Supreme Court, Place 3",,REP,UNDER VOTES,37
Limestone,0401,"Justice, Supreme Court, Place 3",,REP,UNDER VOTES,49
Limestone,0402,"Justice, Supreme Court, Place 3",,REP,UNDER VOTES,35
Limestone,0403,"Justice, Supreme Court, Place 3",,REP,UNDER VOTES,29
Limestone,0404,"Justice, Supreme Court, Place 3",,REP,UNDER VOTES,27
Limestone,0405,"Justice, Supreme Court, Place 3",,REP,UNDER VOTES,27
Limestone,0406,"Justice, Supreme Court, Place 3",,REP,UNDER VOTES,14
Limestone,0101,"Justice, Supreme Court, Place 5",,REP,Rick Green,192
Limestone,0102,"Justice, Supreme Court, Place 5",,REP,Rick Green,82
Limestone,0103,"Justice, Supreme Court, Place 5",,REP,Rick Green,84
Limestone,0104,"Justice, Supreme Court, Place 5",,REP,Rick Green,102
Limestone,0201,"Justice, Supreme Court, Place 5",,REP,Rick Green,55
Limestone,0202,"Justice, Supreme Court, Place 5",,REP,Rick Green,14
Limestone,0203,"Justice, Supreme Court, Place 5",,REP,Rick Green,10
Limestone,0204,"Justice, Supreme Court, Place 5",,REP,Rick Green,57
Limestone,0205,"Justice, Supreme Court, Place 5",,REP,Rick Green,47
Limestone,0206,"Justice, Supreme Court, Place 5",,REP,Rick Green,61
Limestone,0301,"Justice, Supreme Court, Place 5",,REP,Rick Green,170
Limestone,0302,"Justice, Supreme Court, Place 5",,REP,Rick Green,91
Limestone,0303,"Justice, Supreme Court, Place 5",,REP,Rick Green,26
Limestone,0304,"Justice, Supreme Court, Place 5",,REP,Rick Green,127
Limestone,0305,"Justice, Supreme Court, Place 5",,REP,Rick Green,43
Limestone,0401,"Justice, Supreme Court, Place 5",,REP,Rick Green,142
Limestone,0402,"Justice, Supreme Court, Place 5",,REP,Rick Green,64
Limestone,0403,"Justice, Supreme Court, Place 5",,REP,Rick Green,42
Limestone,0404,"Justice, Supreme Court, Place 5",,REP,Rick Green,61
Limestone,0405,"Justice, Supreme Court, Place 5",,REP,Rick Green,52
Limestone,0406,"Justice, Supreme Court, Place 5",,REP,Rick Green,24
Limestone,0101,"Justice, Supreme Court, Place 5",,REP,Paul Green,162
Limestone,0102,"Justice, Supreme Court, Place 5",,REP,Paul Green,84
Limestone,0103,"Justice, Supreme Court, Place 5",,REP,Paul Green,95
Limestone,0104,"Justice, Supreme Court, Place 5",,REP,Paul Green,104
Limestone,0201,"Justice, Supreme Court, Place 5",,REP,Paul Green,32
Limestone,0202,"Justice, Supreme Court, Place 5",,REP,Paul Green,9
Limestone,0203,"Justice, Supreme Court, Place 5",,REP,Paul Green,6
Limestone,0204,"Justice, Supreme Court, Place 5",,REP,Paul Green,54
Limestone,0205,"Justice, Supreme Court, Place 5",,REP,Paul Green,40
Limestone,0206,"Justice, Supreme Court, Place 5",,REP,Paul Green,28
Limestone,0301,"Justice, Supreme Court, Place 5",,REP,Paul Green,150
Limestone,0302,"Justice, Supreme Court, Place 5",,REP,Paul Green,58
Limestone,0303,"Justice, Supreme Court, Place 5",,REP,Paul Green,21
Limestone,0304,"Justice, Supreme Court, Place 5",,REP,Paul Green,114
Limestone,0305,"Justice, Supreme Court, Place 5",,REP,Paul Green,47
Limestone,0401,"Justice, Supreme Court, Place 5",,REP,Paul Green,112
Limestone,0402,"Justice, Supreme Court, Place 5",,REP,Paul Green,60
Limestone,0403,"Justice, Supreme Court, Place 5",,REP,Paul Green,35
Limestone,0404,"Justice, Supreme Court, Place 5",,REP,Paul Green,64
Limestone,0405,"Justice, Supreme Court, Place 5",,REP,Paul Green,44
Limestone,0406,"Justice, Supreme Court, Place 5",,REP,Paul Green,41
Limestone,0101,"Justice, Supreme Court, Place 5",,REP,OVER VOTES,0
Limestone,0102,"Justice, Supreme Court, Place 5",,REP,OVER VOTES,0
Limestone,0103,"Justice, Supreme Court, Place 5",,REP,OVER VOTES,0
Limestone,0104,"Justice, Supreme Court, Place 5",,REP,OVER VOTES,0
Limestone,0201,"Justice, Supreme Court, Place 5",,REP,OVER VOTES,0
Limestone,0202,"Justice, Supreme Court, Place 5",,REP,OVER VOTES,0
Limestone,0203,"Justice, Supreme Court, Place 5",,REP,OVER VOTES,0
Limestone,0204,"Justice, Supreme Court, Place 5",,REP,OVER VOTES,0
Limestone,0205,"Justice, Supreme Court, Place 5",,REP,OVER VOTES,0
Limestone,0206,"Justice, Supreme Court, Place 5",,REP,OVER VOTES,0
Limestone,0301,"Justice, Supreme Court, Place 5",,REP,OVER VOTES,0
Limestone,0302,"Justice, Supreme Court, Place 5",,REP,OVER VOTES,0
Limestone,0303,"Justice, Supreme Court, Place 5",,REP,OVER VOTES,0
Limestone,0304,"Justice, Supreme Court, Place 5",,REP,OVER VOTES,0
Limestone,0305,"Justice, Supreme Court, Place 5",,REP,OVER VOTES,0
Limestone,0401,"Justice, Supreme Court, Place 5",,REP,OVER VOTES,0
Limestone,0402,"Justice, Supreme Court, Place 5",,REP,OVER VOTES,0
Limestone,0403,"Justice, Supreme Court, Place 5",,REP,OVER VOTES,0
Limestone,0404,"Justice, Supreme Court, Place 5",,REP,OVER VOTES,0
Limestone,0405,"Justice, Supreme Court, Place 5",,REP,OVER VOTES,0
Limestone,0406,"Justice, Supreme Court, Place 5",,REP,OVER VOTES,0
Limestone,0101,"Justice, Supreme Court, Place 5",,REP,UNDER VOTES,126
Limestone,0102,"Justice, Supreme Court, Place 5",,REP,UNDER VOTES,61
Limestone,0103,"Justice, Supreme Court, Place 5",,REP,UNDER VOTES,57
Limestone,0104,"Justice, Supreme Court, Place 5",,REP,UNDER VOTES,52
Limestone,0201,"Justice, Supreme Court, Place 5",,REP,UNDER VOTES,22
Limestone,0202,"Justice, Supreme Court, Place 5",,REP,UNDER VOTES,1
Limestone,0203,"Justice, Supreme Court, Place 5",,REP,UNDER VOTES,11
Limestone,0204,"Justice, Supreme Court, Place 5",,REP,UNDER VOTES,38
Limestone,0205,"Justice, Supreme Court, Place 5",,REP,UNDER VOTES,28
Limestone,0206,"Justice, Supreme Court, Place 5",,REP,UNDER VOTES,31
Limestone,0301,"Justice, Supreme Court, Place 5",,REP,UNDER VOTES,109
Limestone,0302,"Justice, Supreme Court, Place 5",,REP,UNDER VOTES,35
Limestone,0303,"Justice, Supreme Court, Place 5",,REP,UNDER VOTES,13
Limestone,0304,"Justice, Supreme Court, Place 5",,REP,UNDER VOTES,72
Limestone,0305,"Justice, Supreme Court, Place 5",,REP,UNDER VOTES,38
Limestone,0401,"Justice, Supreme Court, Place 5",,REP,UNDER VOTES,57
Limestone,0402,"Justice, Supreme Court, Place 5",,REP,UNDER VOTES,38
Limestone,0403,"Justice, Supreme Court, Place 5",,REP,UNDER VOTES,32
Limestone,0404,"Justice, Supreme Court, Place 5",,REP,UNDER VOTES,31
Limestone,0405,"Justice, Supreme Court, Place 5",,REP,UNDER VOTES,29
Limestone,0406,"Justice, Supreme Court, Place 5",,REP,UNDER VOTES,14
Limestone,0101,"Justice, Supreme Court, Place 9",,REP,Eva Guzman,179
Limestone,0102,"Justice, Supreme Court, Place 9",,REP,Eva Guzman,87
Limestone,0103,"Justice, Supreme Court, Place 9",,REP,Eva Guzman,83
Limestone,0104,"Justice, Supreme Court, Place 9",,REP,Eva Guzman,114
Limestone,0201,"Justice, Supreme Court, Place 9",,REP,Eva Guzman,35
Limestone,0202,"Justice, Supreme Court, Place 9",,REP,Eva Guzman,11
Limestone,0203,"Justice, Supreme Court, Place 9",,REP,Eva Guzman,9
Limestone,0204,"Justice, Supreme Court, Place 9",,REP,Eva Guzman,54
Limestone,0205,"Justice, Supreme Court, Place 9",,REP,Eva Guzman,46
Limestone,0206,"Justice, Supreme Court, Place 9",,REP,Eva Guzman,38
Limestone,0301,"Justice, Supreme Court, Place 9",,REP,Eva Guzman,147
Limestone,0302,"Justice, Supreme Court, Place 9",,REP,Eva Guzman,74
Limestone,0303,"Justice, Supreme Court, Place 9",,REP,Eva Guzman,21
Limestone,0304,"Justice, Supreme Court, Place 9",,REP,Eva Guzman,109
Limestone,0305,"Justice, Supreme Court, Place 9",,REP,Eva Guzman,50
Limestone,0401,"Justice, Supreme Court, Place 9",,REP,Eva Guzman,118
Limestone,0402,"Justice, Supreme Court, Place 9",,REP,Eva Guzman,61
Limestone,0403,"Justice, Supreme Court, Place 9",,REP,Eva Guzman,44
Limestone,0404,"Justice, Supreme Court, Place 9",,REP,Eva Guzman,64
Limestone,0405,"Justice, Supreme Court, Place 9",,REP,Eva Guzman,48
Limestone,0406,"Justice, Supreme Court, Place 9",,REP,Eva Guzman,32
Limestone,0101,"Justice, Supreme Court, Place 9",,REP,Joe Pool,187
Limestone,0102,"Justice, Supreme Court, Place 9",,REP,Joe Pool,87
Limestone,0103,"Justice, Supreme Court, Place 9",,REP,Joe Pool,92
Limestone,0104,"Justice, Supreme Court, Place 9",,REP,Joe Pool,95
Limestone,0201,"Justice, Supreme Court, Place 9",,REP,Joe Pool,54
Limestone,0202,"Justice, Supreme Court, Place 9",,REP,Joe Pool,12
Limestone,0203,"Justice, Supreme Court, Place 9",,REP,Joe Pool,10
Limestone,0204,"Justice, Supreme Court, Place 9",,REP,Joe Pool,55
Limestone,0205,"Justice, Supreme Court, Place 9",,REP,Joe Pool,44
Limestone,0206,"Justice, Supreme Court, Place 9",,REP,Joe Pool,52
Limestone,0301,"Justice, Supreme Court, Place 9",,REP,Joe Pool,179
Limestone,0302,"Justice, Supreme Court, Place 9",,REP,Joe Pool,77
Limestone,0303,"Justice, Supreme Court, Place 9",,REP,Joe Pool,27
Limestone,0304,"Justice, Supreme Court, Place 9",,REP,Joe Pool,134
Limestone,0305,"Justice, Supreme Court, Place 9",,REP,Joe Pool,45
Limestone,0401,"Justice, Supreme Court, Place 9",,REP,Joe Pool,141
Limestone,0402,"Justice, Supreme Court, Place 9",,REP,Joe Pool,68
Limestone,0403,"Justice, Supreme Court, Place 9",,REP,Joe Pool,36
Limestone,0404,"Justice, Supreme Court, Place 9",,REP,Joe Pool,67
Limestone,0405,"Justice, Supreme Court, Place 9",,REP,Joe Pool,49
Limestone,0406,"Justice, Supreme Court, Place 9",,REP,Joe Pool,32
Limestone,0101,"Justice, Supreme Court, Place 9",,REP,OVER VOTES,0
Limestone,0102,"Justice, Supreme Court, Place 9",,REP,OVER VOTES,0
Limestone,0103,"Justice, Supreme Court, Place 9",,REP,OVER VOTES,0
Limestone,0104,"Justice, Supreme Court, Place 9",,REP,OVER VOTES,0
Limestone,0201,"Justice, Supreme Court, Place 9",,REP,OVER VOTES,0
Limestone,0202,"Justice, Supreme Court, Place 9",,REP,OVER VOTES,0
Limestone,0203,"Justice, Supreme Court, Place 9",,REP,OVER VOTES,0
Limestone,0204,"Justice, Supreme Court, Place 9",,REP,OVER VOTES,0
Limestone,0205,"Justice, Supreme Court, Place 9",,REP,OVER VOTES,0
Limestone,0206,"Justice, Supreme Court, Place 9",,REP,OVER VOTES,0
Limestone,0301,"Justice, Supreme Court, Place 9",,REP,OVER VOTES,0
Limestone,0302,"Justice, Supreme Court, Place 9",,REP,OVER VOTES,0
Limestone,0303,"Justice, Supreme Court, Place 9",,REP,OVER VOTES,0
Limestone,0304,"Justice, Supreme Court, Place 9",,REP,OVER VOTES,0
Limestone,0305,"Justice, Supreme Court, Place 9",,REP,OVER VOTES,0
Limestone,0401,"Justice, Supreme Court, Place 9",,REP,OVER VOTES,0
Limestone,0402,"Justice, Supreme Court, Place 9",,REP,OVER VOTES,0
Limestone,0403,"Justice, Supreme Court, Place 9",,REP,OVER VOTES,0
Limestone,0404,"Justice, Supreme Court, Place 9",,REP,OVER VOTES,0
Limestone,0405,"Justice, Supreme Court, Place 9",,REP,OVER VOTES,0
Limestone,0406,"Justice, Supreme Court, Place 9",,REP,OVER VOTES,0
Limestone,0101,"Justice, Supreme Court, Place 9",,REP,UNDER VOTES,114
Limestone,0102,"Justice, Supreme Court, Place 9",,REP,UNDER VOTES,53
Limestone,0103,"Justice, Supreme Court, Place 9",,REP,UNDER VOTES,61
Limestone,0104,"Justice, Supreme Court, Place 9",,REP,UNDER VOTES,49
Limestone,0201,"Justice, Supreme Court, Place 9",,REP,UNDER VOTES,20
Limestone,0202,"Justice, Supreme Court, Place 9",,REP,UNDER VOTES,1
Limestone,0203,"Justice, Supreme Court, Place 9",,REP,UNDER VOTES,8
Limestone,0204,"Justice, Supreme Court, Place 9",,REP,UNDER VOTES,40
Limestone,0205,"Justice, Supreme Court, Place 9",,REP,UNDER VOTES,25
Limestone,0206,"Justice, Supreme Court, Place 9",,REP,UNDER VOTES,30
Limestone,0301,"Justice, Supreme Court, Place 9",,REP,UNDER VOTES,104
Limestone,0302,"Justice, Supreme Court, Place 9",,REP,UNDER VOTES,33
Limestone,0303,"Justice, Supreme Court, Place 9",,REP,UNDER VOTES,12
Limestone,0304,"Justice, Supreme Court, Place 9",,REP,UNDER VOTES,70
Limestone,0305,"Justice, Supreme Court, Place 9",,REP,UNDER VOTES,33
Limestone,0401,"Justice, Supreme Court, Place 9",,REP,UNDER VOTES,52
Limestone,0402,"Justice, Supreme Court, Place 9",,REP,UNDER VOTES,33
Limestone,0403,"Justice, Supreme Court, Place 9",,REP,UNDER VOTES,29
Limestone,0404,"Justice, Supreme Court, Place 9",,REP,UNDER VOTES,25
Limestone,0405,"Justice, Supreme Court, Place 9",,REP,UNDER VOTES,28
Limestone,0406,"Justice, Supreme Court, Place 9",,REP,UNDER VOTES,15
Limestone,0101,"Judge, Court of Criminal Appeals, Place 2",,REP,Ray Wheless,106
Limestone,0102,"Judge, Court of Criminal Appeals, Place 2",,REP,Ray Wheless,52
Limestone,0103,"Judge, Court of Criminal Appeals, Place 2",,REP,Ray Wheless,51
Limestone,0104,"Judge, Court of Criminal Appeals, Place 2",,REP,Ray Wheless,71
Limestone,0201,"Judge, Court of Criminal Appeals, Place 2",,REP,Ray Wheless,34
Limestone,0202,"Judge, Court of Criminal Appeals, Place 2",,REP,Ray Wheless,12
Limestone,0203,"Judge, Court of Criminal Appeals, Place 2",,REP,Ray Wheless,5
Limestone,0204,"Judge, Court of Criminal Appeals, Place 2",,REP,Ray Wheless,43
Limestone,0205,"Judge, Court of Criminal Appeals, Place 2",,REP,Ray Wheless,28
Limestone,0206,"Judge, Court of Criminal Appeals, Place 2",,REP,Ray Wheless,27
Limestone,0301,"Judge, Court of Criminal Appeals, Place 2",,REP,Ray Wheless,92
Limestone,0302,"Judge, Court of Criminal Appeals, Place 2",,REP,Ray Wheless,59
Limestone,0303,"Judge, Court of Criminal Appeals, Place 2",,REP,Ray Wheless,18
Limestone,0304,"Judge, Court of Criminal Appeals, Place 2",,REP,Ray Wheless,94
Limestone,0305,"Judge, Court of Criminal Appeals, Place 2",,REP,Ray Wheless,30
Limestone,0401,"Judge, Court of Criminal Appeals, Place 2",,REP,Ray Wheless,92
Limestone,0402,"Judge, Court of Criminal Appeals, Place 2",,REP,Ray Wheless,30
Limestone,0403,"Judge, Court of Criminal Appeals, Place 2",,REP,Ray Wheless,30
Limestone,0404,"Judge, Court of Criminal Appeals, Place 2",,REP,Ray Wheless,49
Limestone,0405,"Judge, Court of Criminal Appeals, Place 2",,REP,Ray Wheless,29
Limestone,0406,"Judge, Court of Criminal Appeals, Place 2",,REP,Ray Wheless,22
Limestone,0101,"Judge, Court of Criminal Appeals, Place 2",,REP,Chris Oldner,102
Limestone,0102,"Judge, Court of Criminal Appeals, Place 2",,REP,Chris Oldner,62
Limestone,0103,"Judge, Court of Criminal Appeals, Place 2",,REP,Chris Oldner,59
Limestone,0104,"Judge, Court of Criminal Appeals, Place 2",,REP,Chris Oldner,51
Limestone,0201,"Judge, Court of Criminal Appeals, Place 2",,REP,Chris Oldner,29
Limestone,0202,"Judge, Court of Criminal Appeals, Place 2",,REP,Chris Oldner,6
Limestone,0203,"Judge, Court of Criminal Appeals, Place 2",,REP,Chris Oldner,3
Limestone,0204,"Judge, Court of Criminal Appeals, Place 2",,REP,Chris Oldner,29
Limestone,0205,"Judge, Court of Criminal Appeals, Place 2",,REP,Chris Oldner,27
Limestone,0206,"Judge, Court of Criminal Appeals, Place 2",,REP,Chris Oldner,28
Limestone,0301,"Judge, Court of Criminal Appeals, Place 2",,REP,Chris Oldner,90
Limestone,0302,"Judge, Court of Criminal Appeals, Place 2",,REP,Chris Oldner,37
Limestone,0303,"Judge, Court of Criminal Appeals, Place 2",,REP,Chris Oldner,10
Limestone,0304,"Judge, Court of Criminal Appeals, Place 2",,REP,Chris Oldner,64
Limestone,0305,"Judge, Court of Criminal Appeals, Place 2",,REP,Chris Oldner,20
Limestone,0401,"Judge, Court of Criminal Appeals, Place 2",,REP,Chris Oldner,69
Limestone,0402,"Judge, Court of Criminal Appeals, Place 2",,REP,Chris Oldner,36
Limestone,0403,"Judge, Court of Criminal Appeals, Place 2",,REP,Chris Oldner,17
Limestone,0404,"Judge, Court of Criminal Appeals, Place 2",,REP,Chris Oldner,37
Limestone,0405,"Judge, Court of Criminal Appeals, Place 2",,REP,Chris Oldner,23
Limestone,0406,"Judge, Court of Criminal Appeals, Place 2",,REP,Chris Oldner,18
Limestone,0101,"Judge, Court of Criminal Appeals, Place 2",,REP,Mary Lou Keel,137
Limestone,0102,"Judge, Court of Criminal Appeals, Place 2",,REP,Mary Lou Keel,47
Limestone,0103,"Judge, Court of Criminal Appeals, Place 2",,REP,Mary Lou Keel,56
Limestone,0104,"Judge, Court of Criminal Appeals, Place 2",,REP,Mary Lou Keel,75
Limestone,0201,"Judge, Court of Criminal Appeals, Place 2",,REP,Mary Lou Keel,24
Limestone,0202,"Judge, Court of Criminal Appeals, Place 2",,REP,Mary Lou Keel,5
Limestone,0203,"Judge, Court of Criminal Appeals, Place 2",,REP,Mary Lou Keel,8
Limestone,0204,"Judge, Court of Criminal Appeals, Place 2",,REP,Mary Lou Keel,34
Limestone,0205,"Judge, Court of Criminal Appeals, Place 2",,REP,Mary Lou Keel,31
Limestone,0206,"Judge, Court of Criminal Appeals, Place 2",,REP,Mary Lou Keel,27
Limestone,0301,"Judge, Court of Criminal Appeals, Place 2",,REP,Mary Lou Keel,128
Limestone,0302,"Judge, Court of Criminal Appeals, Place 2",,REP,Mary Lou Keel,52
Limestone,0303,"Judge, Court of Criminal Appeals, Place 2",,REP,Mary Lou Keel,16
Limestone,0304,"Judge, Court of Criminal Appeals, Place 2",,REP,Mary Lou Keel,72
Limestone,0305,"Judge, Court of Criminal Appeals, Place 2",,REP,Mary Lou Keel,39
Limestone,0401,"Judge, Court of Criminal Appeals, Place 2",,REP,Mary Lou Keel,90
Limestone,0402,"Judge, Court of Criminal Appeals, Place 2",,REP,Mary Lou Keel,51
Limestone,0403,"Judge, Court of Criminal Appeals, Place 2",,REP,Mary Lou Keel,29
Limestone,0404,"Judge, Court of Criminal Appeals, Place 2",,REP,Mary Lou Keel,31
Limestone,0405,"Judge, Court of Criminal Appeals, Place 2",,REP,Mary Lou Keel,43
Limestone,0406,"Judge, Court of Criminal Appeals, Place 2",,REP,Mary Lou Keel,22
Limestone,0101,"Judge, Court of Criminal Appeals, Place 2",,REP,OVER VOTES,0
Limestone,0102,"Judge, Court of Criminal Appeals, Place 2",,REP,OVER VOTES,0
Limestone,0103,"Judge, Court of Criminal Appeals, Place 2",,REP,OVER VOTES,0
Limestone,0104,"Judge, Court of Criminal Appeals, Place 2",,REP,OVER VOTES,0
Limestone,0201,"Judge, Court of Criminal Appeals, Place 2",,REP,OVER VOTES,0
Limestone,0202,"Judge, Court of Criminal Appeals, Place 2",,REP,OVER VOTES,0
Limestone,0203,"Judge, Court of Criminal Appeals, Place 2",,REP,OVER VOTES,0
Limestone,0204,"Judge, Court of Criminal Appeals, Place 2",,REP,OVER VOTES,0
Limestone,0205,"Judge, Court of Criminal Appeals, Place 2",,REP,OVER VOTES,0
Limestone,0206,"Judge, Court of Criminal Appeals, Place 2",,REP,OVER VOTES,0
Limestone,0301,"Judge, Court of Criminal Appeals, Place 2",,REP,OVER VOTES,0
Limestone,0302,"Judge, Court of Criminal Appeals, Place 2",,REP,OVER VOTES,0
Limestone,0303,"Judge, Court of Criminal Appeals, Place 2",,REP,OVER VOTES,0
Limestone,0304,"Judge, Court of Criminal Appeals, Place 2",,REP,OVER VOTES,0
Limestone,0305,"Judge, Court of Criminal Appeals, Place 2",,REP,OVER VOTES,0
Limestone,0401,"Judge, Court of Criminal Appeals, Place 2",,REP,OVER VOTES,0
Limestone,0402,"Judge, Court of Criminal Appeals, Place 2",,REP,OVER VOTES,0
Limestone,0403,"Judge, Court of Criminal Appeals, Place 2",,REP,OVER VOTES,0
Limestone,0404,"Judge, Court of Criminal Appeals, Place 2",,REP,OVER VOTES,0
Limestone,0405,"Judge, Court of Criminal Appeals, Place 2",,REP,OVER VOTES,0
Limestone,0406,"Judge, Court of Criminal Appeals, Place 2",,REP,OVER VOTES,0
Limestone,0101,"Judge, Court of Criminal Appeals, Place 2",,REP,UNDER VOTES,135
Limestone,0102,"Judge, Court of Criminal Appeals, Place 2",,REP,UNDER VOTES,66
Limestone,0103,"Judge, Court of Criminal Appeals, Place 2",,REP,UNDER VOTES,70
Limestone,0104,"Judge, Court of Criminal Appeals, Place 2",,REP,UNDER VOTES,61
Limestone,0201,"Judge, Court of Criminal Appeals, Place 2",,REP,UNDER VOTES,22
Limestone,0202,"Judge, Court of Criminal Appeals, Place 2",,REP,UNDER VOTES,1
Limestone,0203,"Judge, Court of Criminal Appeals, Place 2",,REP,UNDER VOTES,11
Limestone,0204,"Judge, Court of Criminal Appeals, Place 2",,REP,UNDER VOTES,43
Limestone,0205,"Judge, Court of Criminal Appeals, Place 2",,REP,UNDER VOTES,29
Limestone,0206,"Judge, Court of Criminal Appeals, Place 2",,REP,UNDER VOTES,38
Limestone,0301,"Judge, Court of Criminal Appeals, Place 2",,REP,UNDER VOTES,119
Limestone,0302,"Judge, Court of Criminal Appeals, Place 2",,REP,UNDER VOTES,36
Limestone,0303,"Judge, Court of Criminal Appeals, Place 2",,REP,UNDER VOTES,16
Limestone,0304,"Judge, Court of Criminal Appeals, Place 2",,REP,UNDER VOTES,83
Limestone,0305,"Judge, Court of Criminal Appeals, Place 2",,REP,UNDER VOTES,39
Limestone,0401,"Judge, Court of Criminal Appeals, Place 2",,REP,UNDER VOTES,60
Limestone,0402,"Judge, Court of Criminal Appeals, Place 2",,REP,UNDER VOTES,45
Limestone,0403,"Judge, Court of Criminal Appeals, Place 2",,REP,UNDER VOTES,33
Limestone,0404,"Judge, Court of Criminal Appeals, Place 2",,REP,UNDER VOTES,39
Limestone,0405,"Judge, Court of Criminal Appeals, Place 2",,REP,UNDER VOTES,30
Limestone,0406,"Judge, Court of Criminal Appeals, Place 2",,REP,UNDER VOTES,17
Limestone,0101,"Judge, Court of Criminal Appeals, Place 5",,REP,Sid Harle,41
Limestone,0102,"Judge, Court of Criminal Appeals, Place 5",,REP,Sid Harle,25
Limestone,0103,"Judge, Court of Criminal Appeals, Place 5",,REP,Sid Harle,12
Limestone,0104,"Judge, Court of Criminal Appeals, Place 5",,REP,Sid Harle,21
Limestone,0201,"Judge, Court of Criminal Appeals, Place 5",,REP,Sid Harle,11
Limestone,0202,"Judge, Court of Criminal Appeals, Place 5",,REP,Sid Harle,3
Limestone,0203,"Judge, Court of Criminal Appeals, Place 5",,REP,Sid Harle,0
Limestone,0204,"Judge, Court of Criminal Appeals, Place 5",,REP,Sid Harle,21
Limestone,0205,"Judge, Court of Criminal Appeals, Place 5",,REP,Sid Harle,7
Limestone,0206,"Judge, Court of Criminal Appeals, Place 5",,REP,Sid Harle,6
Limestone,0301,"Judge, Court of Criminal Appeals, Place 5",,REP,Sid Harle,39
Limestone,0302,"Judge, Court of Criminal Appeals, Place 5",,REP,Sid Harle,35
Limestone,0303,"Judge, Court of Criminal Appeals, Place 5",,REP,Sid Harle,2
Limestone,0304,"Judge, Court of Criminal Appeals, Place 5",,REP,Sid Harle,25
Limestone,0305,"Judge, Court of Criminal Appeals, Place 5",,REP,Sid Harle,18
Limestone,0401,"Judge, Court of Criminal Appeals, Place 5",,REP,Sid Harle,31
Limestone,0402,"Judge, Court of Criminal Appeals, Place 5",,REP,Sid Harle,19
Limestone,0403,"Judge, Court of Criminal Appeals, Place 5",,REP,Sid Harle,9
Limestone,0404,"Judge, Court of Criminal Appeals, Place 5",,REP,Sid Harle,13
Limestone,0405,"Judge, Court of Criminal Appeals, Place 5",,REP,Sid Harle,11
Limestone,0406,"Judge, Court of Criminal Appeals, Place 5",,REP,Sid Harle,5
Limestone,0101,"Judge, Court of Criminal Appeals, Place 5",,REP,Steve Smith,93
Limestone,0102,"Judge, Court of Criminal Appeals, Place 5",,REP,Steve Smith,36
Limestone,0103,"Judge, Court of Criminal Appeals, Place 5",,REP,Steve Smith,42
Limestone,0104,"Judge, Court of Criminal Appeals, Place 5",,REP,Steve Smith,47
Limestone,0201,"Judge, Court of Criminal Appeals, Place 5",,REP,Steve Smith,19
Limestone,0202,"Judge, Court of Criminal Appeals, Place 5",,REP,Steve Smith,3
Limestone,0203,"Judge, Court of Criminal Appeals, Place 5",,REP,Steve Smith,4
Limestone,0204,"Judge, Court of Criminal Appeals, Place 5",,REP,Steve Smith,23
Limestone,0205,"Judge, Court of Criminal Appeals, Place 5",,REP,Steve Smith,22
Limestone,0206,"Judge, Court of Criminal Appeals, Place 5",,REP,Steve Smith,14
Limestone,0301,"Judge, Court of Criminal Appeals, Place 5",,REP,Steve Smith,61
Limestone,0302,"Judge, Court of Criminal Appeals, Place 5",,REP,Steve Smith,28
Limestone,0303,"Judge, Court of Criminal Appeals, Place 5",,REP,Steve Smith,13
Limestone,0304,"Judge, Court of Criminal Appeals, Place 5",,REP,Steve Smith,62
Limestone,0305,"Judge, Court of Criminal Appeals, Place 5",,REP,Steve Smith,19
Limestone,0401,"Judge, Court of Criminal Appeals, Place 5",,REP,Steve Smith,49
Limestone,0402,"Judge, Court of Criminal Appeals, Place 5",,REP,Steve Smith,22
Limestone,0403,"Judge, Court of Criminal Appeals, Place 5",,REP,Steve Smith,16
Limestone,0404,"Judge, Court of Criminal Appeals, Place 5",,REP,Steve Smith,26
Limestone,0405,"Judge, Court of Criminal Appeals, Place 5",,REP,Steve Smith,18
Limestone,0406,"Judge, Court of Criminal Appeals, Place 5",,REP,Steve Smith,11
Limestone,0101,"Judge, Court of Criminal Appeals, Place 5",,REP,Brent Webster,29
Limestone,0102,"Judge, Court of Criminal Appeals, Place 5",,REP,Brent Webster,19
Limestone,0103,"Judge, Court of Criminal Appeals, Place 5",,REP,Brent Webster,19
Limestone,0104,"Judge, Court of Criminal Appeals, Place 5",,REP,Brent Webster,32
Limestone,0201,"Judge, Court of Criminal Appeals, Place 5",,REP,Brent Webster,8
Limestone,0202,"Judge, Court of Criminal Appeals, Place 5",,REP,Brent Webster,6
Limestone,0203,"Judge, Court of Criminal Appeals, Place 5",,REP,Brent Webster,2
Limestone,0204,"Judge, Court of Criminal Appeals, Place 5",,REP,Brent Webster,10
Limestone,0205,"Judge, Court of Criminal Appeals, Place 5",,REP,Brent Webster,10
Limestone,0206,"Judge, Court of Criminal Appeals, Place 5",,REP,Brent Webster,8
Limestone,0301,"Judge, Court of Criminal Appeals, Place 5",,REP,Brent Webster,47
Limestone,0302,"Judge, Court of Criminal Appeals, Place 5",,REP,Brent Webster,14
Limestone,0303,"Judge, Court of Criminal Appeals, Place 5",,REP,Brent Webster,3
Limestone,0304,"Judge, Court of Criminal Appeals, Place 5",,REP,Brent Webster,22
Limestone,0305,"Judge, Court of Criminal Appeals, Place 5",,REP,Brent Webster,7
Limestone,0401,"Judge, Court of Criminal Appeals, Place 5",,REP,Brent Webster,31
Limestone,0402,"Judge, Court of Criminal Appeals, Place 5",,REP,Brent Webster,19
Limestone,0403,"Judge, Court of Criminal Appeals, Place 5",,REP,Brent Webster,11
Limestone,0404,"Judge, Court of Criminal Appeals, Place 5",,REP,Brent Webster,19
Limestone,0405,"Judge, Court of Criminal Appeals, Place 5",,REP,Brent Webster,14
Limestone,0406,"Judge, Court of Criminal Appeals, Place 5",,REP,Brent Webster,9
Limestone,0101,"Judge, Court of Criminal Appeals, Place 5",,REP,Scott Walker,192
Limestone,0102,"Judge, Court of Criminal Appeals, Place 5",,REP,Scott Walker,85
Limestone,0103,"Judge, Court of Criminal Appeals, Place 5",,REP,Scott Walker,96
Limestone,0104,"Judge, Court of Criminal Appeals, Place 5",,REP,Scott Walker,97
Limestone,0201,"Judge, Court of Criminal Appeals, Place 5",,REP,Scott Walker,46
Limestone,0202,"Judge, Court of Criminal Appeals, Place 5",,REP,Scott Walker,10
Limestone,0203,"Judge, Court of Criminal Appeals, Place 5",,REP,Scott Walker,13
Limestone,0204,"Judge, Court of Criminal Appeals, Place 5",,REP,Scott Walker,54
Limestone,0205,"Judge, Court of Criminal Appeals, Place 5",,REP,Scott Walker,43
Limestone,0206,"Judge, Court of Criminal Appeals, Place 5",,REP,Scott Walker,55
Limestone,0301,"Judge, Court of Criminal Appeals, Place 5",,REP,Scott Walker,157
Limestone,0302,"Judge, Court of Criminal Appeals, Place 5",,REP,Scott Walker,73
Limestone,0303,"Judge, Court of Criminal Appeals, Place 5",,REP,Scott Walker,26
Limestone,0304,"Judge, Court of Criminal Appeals, Place 5",,REP,Scott Walker,120
Limestone,0305,"Judge, Court of Criminal Appeals, Place 5",,REP,Scott Walker,49
Limestone,0401,"Judge, Court of Criminal Appeals, Place 5",,REP,Scott Walker,136
Limestone,0402,"Judge, Court of Criminal Appeals, Place 5",,REP,Scott Walker,62
Limestone,0403,"Judge, Court of Criminal Appeals, Place 5",,REP,Scott Walker,42
Limestone,0404,"Judge, Court of Criminal Appeals, Place 5",,REP,Scott Walker,60
Limestone,0405,"Judge, Court of Criminal Appeals, Place 5",,REP,Scott Walker,54
Limestone,0406,"Judge, Court of Criminal Appeals, Place 5",,REP,Scott Walker,37
Limestone,0101,"Judge, Court of Criminal Appeals, Place 5",,REP,OVER VOTES,0
Limestone,0102,"Judge, Court of Criminal Appeals, Place 5",,REP,OVER VOTES,0
Limestone,0103,"Judge, Court of Criminal Appeals, Place 5",,REP,OVER VOTES,0
Limestone,0104,"Judge, Court of Criminal Appeals, Place 5",,REP,OVER VOTES,0
Limestone,0201,"Judge, Court of Criminal Appeals, Place 5",,REP,OVER VOTES,0
Limestone,0202,"Judge, Court of Criminal Appeals, Place 5",,REP,OVER VOTES,0
Limestone,0203,"Judge, Court of Criminal Appeals, Place 5",,REP,OVER VOTES,0
Limestone,0204,"Judge, Court of Criminal Appeals, Place 5",,REP,OVER VOTES,0
Limestone,0205,"Judge, Court of Criminal Appeals, Place 5",,REP,OVER VOTES,0
Limestone,0206,"Judge, Court of Criminal Appeals, Place 5",,REP,OVER VOTES,0
Limestone,0301,"Judge, Court of Criminal Appeals, Place 5",,REP,OVER VOTES,0
Limestone,0302,"Judge, Court of Criminal Appeals, Place 5",,REP,OVER VOTES,0
Limestone,0303,"Judge, Court of Criminal Appeals, Place 5",,REP,OVER VOTES,0
Limestone,0304,"Judge, Court of Criminal Appeals, Place 5",,REP,OVER VOTES,0
Limestone,0305,"Judge, Court of Criminal Appeals, Place 5",,REP,OVER VOTES,0
Limestone,0401,"Judge, Court of Criminal Appeals, Place 5",,REP,OVER VOTES,0
Limestone,0402,"Judge, Court of Criminal Appeals, Place 5",,REP,OVER VOTES,0
Limestone,0403,"Judge, Court of Criminal Appeals, Place 5",,REP,OVER VOTES,0
Limestone,0404,"Judge, Court of Criminal Appeals, Place 5",,REP,OVER VOTES,0
Limestone,0405,"Judge, Court of Criminal Appeals, Place 5",,REP,OVER VOTES,0
Limestone,0406,"Judge, Court of Criminal Appeals, Place 5",,REP,OVER VOTES,0
Limestone,0101,"Judge, Court of Criminal Appeals, Place 5",,REP,UNDER VOTES,125
Limestone,0102,"Judge, Court of Criminal Appeals, Place 5",,REP,UNDER VOTES,62
Limestone,0103,"Judge, Court of Criminal Appeals, Place 5",,REP,UNDER VOTES,67
Limestone,0104,"Judge, Court of Criminal Appeals, Place 5",,REP,UNDER VOTES,61
Limestone,0201,"Judge, Court of Criminal Appeals, Place 5",,REP,UNDER VOTES,25
Limestone,0202,"Judge, Court of Criminal Appeals, Place 5",,REP,UNDER VOTES,2
Limestone,0203,"Judge, Court of Criminal Appeals, Place 5",,REP,UNDER VOTES,8
Limestone,0204,"Judge, Court of Criminal Appeals, Place 5",,REP,UNDER VOTES,41
Limestone,0205,"Judge, Court of Criminal Appeals, Place 5",,REP,UNDER VOTES,33
Limestone,0206,"Judge, Court of Criminal Appeals, Place 5",,REP,UNDER VOTES,37
Limestone,0301,"Judge, Court of Criminal Appeals, Place 5",,REP,UNDER VOTES,125
Limestone,0302,"Judge, Court of Criminal Appeals, Place 5",,REP,UNDER VOTES,34
Limestone,0303,"Judge, Court of Criminal Appeals, Place 5",,REP,UNDER VOTES,16
Limestone,0304,"Judge, Court of Criminal Appeals, Place 5",,REP,UNDER VOTES,84
Limestone,0305,"Judge, Court of Criminal Appeals, Place 5",,REP,UNDER VOTES,35
Limestone,0401,"Judge, Court of Criminal Appeals, Place 5",,REP,UNDER VOTES,64
Limestone,0402,"Judge, Court of Criminal Appeals, Place 5",,REP,UNDER VOTES,40
Limestone,0403,"Judge, Court of Criminal Appeals, Place 5",,REP,UNDER VOTES,31
Limestone,0404,"Judge, Court of Criminal Appeals, Place 5",,REP,UNDER VOTES,38
Limestone,0405,"Judge, Court of Criminal Appeals, Place 5",,REP,UNDER VOTES,28
Limestone,0406,"Judge, Court of Criminal Appeals, Place 5",,REP,UNDER VOTES,17
Limestone,0101,"Judge, Court of Criminal Appeals, Place 6",,REP,Michael E. Keasler,167
Limestone,0102,"Judge, Court of Criminal Appeals, Place 6",,REP,Michael E. Keasler,90
Limestone,0103,"Judge, Court of Criminal Appeals, Place 6",,REP,Michael E. Keasler,92
Limestone,0104,"Judge, Court of Criminal Appeals, Place 6",,REP,Michael E. Keasler,112
Limestone,0201,"Judge, Court of Criminal Appeals, Place 6",,REP,Michael E. Keasler,43
Limestone,0202,"Judge, Court of Criminal Appeals, Place 6",,REP,Michael E. Keasler,8
Limestone,0203,"Judge, Court of Criminal Appeals, Place 6",,REP,Michael E. Keasler,8
Limestone,0204,"Judge, Court of Criminal Appeals, Place 6",,REP,Michael E. Keasler,48
Limestone,0205,"Judge, Court of Criminal Appeals, Place 6",,REP,Michael E. Keasler,39
Limestone,0206,"Judge, Court of Criminal Appeals, Place 6",,REP,Michael E. Keasler,33
Limestone,0301,"Judge, Court of Criminal Appeals, Place 6",,REP,Michael E. Keasler,160
Limestone,0302,"Judge, Court of Criminal Appeals, Place 6",,REP,Michael E. Keasler,75
Limestone,0303,"Judge, Court of Criminal Appeals, Place 6",,REP,Michael E. Keasler,21
Limestone,0304,"Judge, Court of Criminal Appeals, Place 6",,REP,Michael E. Keasler,92
Limestone,0305,"Judge, Court of Criminal Appeals, Place 6",,REP,Michael E. Keasler,46
Limestone,0401,"Judge, Court of Criminal Appeals, Place 6",,REP,Michael E. Keasler,123
Limestone,0402,"Judge, Court of Criminal Appeals, Place 6",,REP,Michael E. Keasler,64
Limestone,0403,"Judge, Court of Criminal Appeals, Place 6",,REP,Michael E. Keasler,50
Limestone,0404,"Judge, Court of Criminal Appeals, Place 6",,REP,Michael E. Keasler,57
Limestone,0405,"Judge, Court of Criminal Appeals, Place 6",,REP,Michael E. Keasler,48
Limestone,0406,"Judge, Court of Criminal Appeals, Place 6",,REP,Michael E. Keasler,35
Limestone,0101,"Judge, Court of Criminal Appeals, Place 6",,REP,Richard Davis,175
Limestone,0102,"Judge, Court of Criminal Appeals, Place 6",,REP,Richard Davis,69
Limestone,0103,"Judge, Court of Criminal Appeals, Place 6",,REP,Richard Davis,74
Limestone,0104,"Judge, Court of Criminal Appeals, Place 6",,REP,Richard Davis,82
Limestone,0201,"Judge, Court of Criminal Appeals, Place 6",,REP,Richard Davis,41
Limestone,0202,"Judge, Court of Criminal Appeals, Place 6",,REP,Richard Davis,13
Limestone,0203,"Judge, Court of Criminal Appeals, Place 6",,REP,Richard Davis,10
Limestone,0204,"Judge, Court of Criminal Appeals, Place 6",,REP,Richard Davis,55
Limestone,0205,"Judge, Court of Criminal Appeals, Place 6",,REP,Richard Davis,42
Limestone,0206,"Judge, Court of Criminal Appeals, Place 6",,REP,Richard Davis,50
Limestone,0301,"Judge, Court of Criminal Appeals, Place 6",,REP,Richard Davis,139
Limestone,0302,"Judge, Court of Criminal Appeals, Place 6",,REP,Richard Davis,71
Limestone,0303,"Judge, Court of Criminal Appeals, Place 6",,REP,Richard Davis,22
Limestone,0304,"Judge, Court of Criminal Appeals, Place 6",,REP,Richard Davis,133
Limestone,0305,"Judge, Court of Criminal Appeals, Place 6",,REP,Richard Davis,38
Limestone,0401,"Judge, Court of Criminal Appeals, Place 6",,REP,Richard Davis,119
Limestone,0402,"Judge, Court of Criminal Appeals, Place 6",,REP,Richard Davis,57
Limestone,0403,"Judge, Court of Criminal Appeals, Place 6",,REP,Richard Davis,26
Limestone,0404,"Judge, Court of Criminal Appeals, Place 6",,REP,Richard Davis,55
Limestone,0405,"Judge, Court of Criminal Appeals, Place 6",,REP,Richard Davis,46
Limestone,0406,"Judge, Court of Criminal Appeals, Place 6",,REP,Richard Davis,25
Limestone,0101,"Judge, Court of Criminal Appeals, Place 6",,REP,OVER VOTES,0
Limestone,0102,"Judge, Court of Criminal Appeals, Place 6",,REP,OVER VOTES,0
Limestone,0103,"Judge, Court of Criminal Appeals, Place 6",,REP,OVER VOTES,0
Limestone,0104,"Judge, Court of Criminal Appeals, Place 6",,REP,OVER VOTES,0
Limestone,0201,"Judge, Court of Criminal Appeals, Place 6",,REP,OVER VOTES,0
Limestone,0202,"Judge, Court of Criminal Appeals, Place 6",,REP,OVER VOTES,0
Limestone,0203,"Judge, Court of Criminal Appeals, Place 6",,REP,OVER VOTES,0
Limestone,0204,"Judge, Court of Criminal Appeals, Place 6",,REP,OVER VOTES,0
Limestone,0205,"Judge, Court of Criminal Appeals, Place 6",,REP,OVER VOTES,0
Limestone,0206,"Judge, Court of Criminal Appeals, Place 6",,REP,OVER VOTES,0
Limestone,0301,"Judge, Court of Criminal Appeals, Place 6",,REP,OVER VOTES,0
Limestone,0302,"Judge, Court of Criminal Appeals, Place 6",,REP,OVER VOTES,0
Limestone,0303,"Judge, Court of Criminal Appeals, Place 6",,REP,OVER VOTES,0
Limestone,0304,"Judge, Court of Criminal Appeals, Place 6",,REP,OVER VOTES,0
Limestone,0305,"Judge, Court of Criminal Appeals, Place 6",,REP,OVER VOTES,0
Limestone,0401,"Judge, Court of Criminal Appeals, Place 6",,REP,OVER VOTES,0
Limestone,0402,"Judge, Court of Criminal Appeals, Place 6",,REP,OVER VOTES,0
Limestone,0403,"Judge, Court of Criminal Appeals, Place 6",,REP,OVER VOTES,0
Limestone,0404,"Judge, Court of Criminal Appeals, Place 6",,REP,OVER VOTES,0
Limestone,0405,"Judge, Court of Criminal Appeals, Place 6",,REP,OVER VOTES,0
Limestone,0406,"Judge, Court of Criminal Appeals, Place 6",,REP,OVER VOTES,0
Limestone,0101,"Judge, Court of Criminal Appeals, Place 6",,REP,UNDER VOTES,138
Limestone,0102,"Judge, Court of Criminal Appeals, Place 6",,REP,UNDER VOTES,68
Limestone,0103,"Judge, Court of Criminal Appeals, Place 6",,REP,UNDER VOTES,70
Limestone,0104,"Judge, Court of Criminal Appeals, Place 6",,REP,UNDER VOTES,64
Limestone,0201,"Judge, Court of Criminal Appeals, Place 6",,REP,UNDER VOTES,25
Limestone,0202,"Judge, Court of Criminal Appeals, Place 6",,REP,UNDER VOTES,3
Limestone,0203,"Judge, Court of Criminal Appeals, Place 6",,REP,UNDER VOTES,9
Limestone,0204,"Judge, Court of Criminal Appeals, Place 6",,REP,UNDER VOTES,46
Limestone,0205,"Judge, Court of Criminal Appeals, Place 6",,REP,UNDER VOTES,34
Limestone,0206,"Judge, Court of Criminal Appeals, Place 6",,REP,UNDER VOTES,37
Limestone,0301,"Judge, Court of Criminal Appeals, Place 6",,REP,UNDER VOTES,130
Limestone,0302,"Judge, Court of Criminal Appeals, Place 6",,REP,UNDER VOTES,38
Limestone,0303,"Judge, Court of Criminal Appeals, Place 6",,REP,UNDER VOTES,17
Limestone,0304,"Judge, Court of Criminal Appeals, Place 6",,REP,UNDER VOTES,88
Limestone,0305,"Judge, Court of Criminal Appeals, Place 6",,REP,UNDER VOTES,44
Limestone,0401,"Judge, Court of Criminal Appeals, Place 6",,REP,UNDER VOTES,69
Limestone,0402,"Judge, Court of Criminal Appeals, Place 6",,REP,UNDER VOTES,41
Limestone,0403,"Judge, Court of Criminal Appeals, Place 6",,REP,UNDER VOTES,33
Limestone,0404,"Judge, Court of Criminal Appeals, Place 6",,REP,UNDER VOTES,44
Limestone,0405,"Judge, Court of Criminal Appeals, Place 6",,REP,UNDER VOTES,31
Limestone,0406,"Judge, Court of Criminal Appeals, Place 6",,REP,UNDER VOTES,19
Limestone,0101,"Member, State Board of Education, District 10",,REP,Tom Maynard,334
Limestone,0102,"Member, State Board of Education, District 10",,REP,Tom Maynard,147
Limestone,0103,"Member, State Board of Education, District 10",,REP,Tom Maynard,150
Limestone,0104,"Member, State Board of Education, District 10",,REP,Tom Maynard,179
Limestone,0201,"Member, State Board of Education, District 10",,REP,Tom Maynard,82
Limestone,0202,"Member, State Board of Education, District 10",,REP,Tom Maynard,22
Limestone,0203,"Member, State Board of Education, District 10",,REP,Tom Maynard,18
Limestone,0204,"Member, State Board of Education, District 10",,REP,Tom Maynard,100
Limestone,0205,"Member, State Board of Education, District 10",,REP,Tom Maynard,80
Limestone,0206,"Member, State Board of Education, District 10",,REP,Tom Maynard,74
Limestone,0301,"Member, State Board of Education, District 10",,REP,Tom Maynard,286
Limestone,0302,"Member, State Board of Education, District 10",,REP,Tom Maynard,141
Limestone,0303,"Member, State Board of Education, District 10",,REP,Tom Maynard,42
Limestone,0304,"Member, State Board of Education, District 10",,REP,Tom Maynard,232
Limestone,0305,"Member, State Board of Education, District 10",,REP,Tom Maynard,82
Limestone,0401,"Member, State Board of Education, District 10",,REP,Tom Maynard,228
Limestone,0402,"Member, State Board of Education, District 10",,REP,Tom Maynard,108
Limestone,0403,"Member, State Board of Education, District 10",,REP,Tom Maynard,77
Limestone,0404,"Member, State Board of Education, District 10",,REP,Tom Maynard,107
Limestone,0405,"Member, State Board of Education, District 10",,REP,Tom Maynard,89
Limestone,0406,"Member, State Board of Education, District 10",,REP,Tom Maynard,55
Limestone,0101,"Member, State Board of Education, District 10",,REP,OVER VOTES,0
Limestone,0102,"Member, State Board of Education, District 10",,REP,OVER VOTES,0
Limestone,0103,"Member, State Board of Education, District 10",,REP,OVER VOTES,0
Limestone,0104,"Member, State Board of Education, District 10",,REP,OVER VOTES,0
Limestone,0201,"Member, State Board of Education, District 10",,REP,OVER VOTES,0
Limestone,0202,"Member, State Board of Education, District 10",,REP,OVER VOTES,0
Limestone,0203,"Member, State Board of Education, District 10",,REP,OVER VOTES,0
Limestone,0204,"Member, State Board of Education, District 10",,REP,OVER VOTES,0
Limestone,0205,"Member, State Board of Education, District 10",,REP,OVER VOTES,0
Limestone,0206,"Member, State Board of Education, District 10",,REP,OVER VOTES,0
Limestone,0301,"Member, State Board of Education, District 10",,REP,OVER VOTES,0
Limestone,0302,"Member, State Board of Education, District 10",,REP,OVER VOTES,0
Limestone,0303,"Member, State Board of Education, District 10",,REP,OVER VOTES,0
Limestone,0304,"Member, State Board of Education, District 10",,REP,OVER VOTES,0
Limestone,0305,"Member, State Board of Education, District 10",,REP,OVER VOTES,0
Limestone,0401,"Member, State Board of Education, District 10",,REP,OVER VOTES,0
Limestone,0402,"Member, State Board of Education, District 10",,REP,OVER VOTES,0
Limestone,0403,"Member, State Board of Education, District 10",,REP,OVER VOTES,0
Limestone,0404,"Member, State Board of Education, District 10",,REP,OVER VOTES,0
Limestone,0405,"Member, State Board of Education, District 10",,REP,OVER VOTES,0
Limestone,0406,"Member, State Board of Education, District 10",,REP,OVER VOTES,0
Limestone,0101,"Member, State Board of Education, District 10",,REP,UNDER VOTES,145
Limestone,0102,"Member, State Board of Education, District 10",,REP,UNDER VOTES,80
Limestone,0103,"Member, State Board of Education, District 10",,REP,UNDER VOTES,86
Limestone,0104,"Member, State Board of Education, District 10",,REP,UNDER VOTES,79
Limestone,0201,"Member, State Board of Education, District 10",,REP,UNDER VOTES,27
Limestone,0202,"Member, State Board of Education, District 10",,REP,UNDER VOTES,2
Limestone,0203,"Member, State Board of Education, District 10",,REP,UNDER VOTES,9
Limestone,0204,"Member, State Board of Education, District 10",,REP,UNDER VOTES,49
Limestone,0205,"Member, State Board of Education, District 10",,REP,UNDER VOTES,35
Limestone,0206,"Member, State Board of Education, District 10",,REP,UNDER VOTES,46
Limestone,0301,"Member, State Board of Education, District 10",,REP,UNDER VOTES,137
Limestone,0302,"Member, State Board of Education, District 10",,REP,UNDER VOTES,43
Limestone,0303,"Member, State Board of Education, District 10",,REP,UNDER VOTES,18
Limestone,0304,"Member, State Board of Education, District 10",,REP,UNDER VOTES,81
Limestone,0305,"Member, State Board of Education, District 10",,REP,UNDER VOTES,46
Limestone,0401,"Member, State Board of Education, District 10",,REP,UNDER VOTES,83
Limestone,0402,"Member, State Board of Education, District 10",,REP,UNDER VOTES,54
Limestone,0403,"Member, State Board of Education, District 10",,REP,UNDER VOTES,32
Limestone,0404,"Member, State Board of Education, District 10",,REP,UNDER VOTES,49
Limestone,0405,"Member, State Board of Education, District 10",,REP,UNDER VOTES,36
Limestone,0406,"Member, State Board of Education, District 10",,REP,UNDER VOTES,24
Limestone,0101,State Representative,12,REP,Kyle Kacal,291
Limestone,0102,State Representative,12,REP,Kyle Kacal,133
Limestone,0103,State Representative,12,REP,Kyle Kacal,136
Limestone,0104,State Representative,12,REP,Kyle Kacal,131
Limestone,0201,State Representative,12,REP,Kyle Kacal,71
Limestone,0202,State Representative,12,REP,Kyle Kacal,16
Limestone,0203,State Representative,12,REP,Kyle Kacal,18
Limestone,0204,State Representative,12,REP,Kyle Kacal,84
Limestone,0205,State Representative,12,REP,Kyle Kacal,58
Limestone,0206,State Representative,12,REP,Kyle Kacal,80
Limestone,0301,State Representative,12,REP,Kyle Kacal,231
Limestone,0302,State Representative,12,REP,Kyle Kacal,95
Limestone,0303,State Representative,12,REP,Kyle Kacal,28
Limestone,0304,State Representative,12,REP,Kyle Kacal,191
Limestone,0305,State Representative,12,REP,Kyle Kacal,66
Limestone,0401,State Representative,12,REP,Kyle Kacal,184
Limestone,0402,State Representative,12,REP,Kyle Kacal,90
Limestone,0403,State Representative,12,REP,Kyle Kacal,64
Limestone,0404,State Representative,12,REP,Kyle Kacal,75
Limestone,0405,State Representative,12,REP,Kyle Kacal,68
Limestone,0406,State Representative,12,REP,Kyle Kacal,49
Limestone,0101,State Representative,12,REP,Michael Stanford,99
Limestone,0102,State Representative,12,REP,Michael Stanford,51
Limestone,0103,State Representative,12,REP,Michael Stanford,39
Limestone,0104,State Representative,12,REP,Michael Stanford,55
Limestone,0201,State Representative,12,REP,Michael Stanford,20
Limestone,0202,State Representative,12,REP,Michael Stanford,4
Limestone,0203,State Representative,12,REP,Michael Stanford,5
Limestone,0204,State Representative,12,REP,Michael Stanford,35
Limestone,0205,State Representative,12,REP,Michael Stanford,26
Limestone,0206,State Representative,12,REP,Michael Stanford,22
Limestone,0301,State Representative,12,REP,Michael Stanford,93
Limestone,0302,State Representative,12,REP,Michael Stanford,59
Limestone,0303,State Representative,12,REP,Michael Stanford,22
Limestone,0304,State Representative,12,REP,Michael Stanford,69
Limestone,0305,State Representative,12,REP,Michael Stanford,30
Limestone,0401,State Representative,12,REP,Michael Stanford,77
Limestone,0402,State Representative,12,REP,Michael Stanford,28
Limestone,0403,State Representative,12,REP,Michael Stanford,29
Limestone,0404,State Representative,12,REP,Michael Stanford,49
Limestone,0405,State Representative,12,REP,Michael Stanford,27
Limestone,0406,State Representative,12,REP,Michael Stanford,17
Limestone,0101,State Representative,12,REP,Timothy Delasandro,40
Limestone,0102,State Representative,12,REP,Timothy Delasandro,20
Limestone,0103,State Representative,12,REP,Timothy Delasandro,41
Limestone,0104,State Representative,12,REP,Timothy Delasandro,36
Limestone,0201,State Representative,12,REP,Timothy Delasandro,9
Limestone,0202,State Representative,12,REP,Timothy Delasandro,3
Limestone,0203,State Representative,12,REP,Timothy Delasandro,2
Limestone,0204,State Representative,12,REP,Timothy Delasandro,11
Limestone,0205,State Representative,12,REP,Timothy Delasandro,10
Limestone,0206,State Representative,12,REP,Timothy Delasandro,4
Limestone,0301,State Representative,12,REP,Timothy Delasandro,42
Limestone,0302,State Representative,12,REP,Timothy Delasandro,11
Limestone,0303,State Representative,12,REP,Timothy Delasandro,3
Limestone,0304,State Representative,12,REP,Timothy Delasandro,13
Limestone,0305,State Representative,12,REP,Timothy Delasandro,8
Limestone,0401,State Representative,12,REP,Timothy Delasandro,19
Limestone,0402,State Representative,12,REP,Timothy Delasandro,17
Limestone,0403,State Representative,12,REP,Timothy Delasandro,4
Limestone,0404,State Representative,12,REP,Timothy Delasandro,15
Limestone,0405,State Representative,12,REP,Timothy Delasandro,13
Limestone,0406,State Representative,12,REP,Timothy Delasandro,6
Limestone,0101,State Representative,12,REP,OVER VOTES,0
Limestone,0102,State Representative,12,REP,OVER VOTES,0
Limestone,0103,State Representative,12,REP,OVER VOTES,0
Limestone,0104,State Representative,12,REP,OVER VOTES,0
Limestone,0201,State Representative,12,REP,OVER VOTES,0
Limestone,0202,State Representative,12,REP,OVER VOTES,0
Limestone,0203,State Representative,12,REP,OVER VOTES,0
Limestone,0204,State Representative,12,REP,OVER VOTES,0
Limestone,0205,State Representative,12,REP,OVER VOTES,0
Limestone,0206,State Representative,12,REP,OVER VOTES,0
Limestone,0301,State Representative,12,REP,OVER VOTES,0
Limestone,0302,State Representative,12,REP,OVER VOTES,0
Limestone,0303,State Representative,12,REP,OVER VOTES,0
Limestone,0304,State Representative,12,REP,OVER VOTES,0
Limestone,0305,State Representative,12,REP,OVER VOTES,0
Limestone,0401,State Representative,12,REP,OVER VOTES,0
Limestone,0402,State Representative,12,REP,OVER VOTES,0
Limestone,0403,State Representative,12,REP,OVER VOTES,0
Limestone,0404,State Representative,12,REP,OVER VOTES,0
Limestone,0405,State Representative,12,REP,OVER VOTES,0
Limestone,0406,State Representative,12,REP,OVER VOTES,0
Limestone,0101,State Representative,12,REP,UNDER VOTES,50
Limestone,0102,State Representative,12,REP,UNDER VOTES,23
Limestone,0103,State Representative,12,REP,UNDER VOTES,20
Limestone,0104,State Representative,12,REP,UNDER VOTES,36
Limestone,0201,State Representative,12,REP,UNDER VOTES,9
Limestone,0202,State Representative,12,REP,UNDER VOTES,1
Limestone,0203,State Representative,12,REP,UNDER VOTES,2
Limestone,0204,State Representative,12,REP,UNDER VOTES,19
Limestone,0205,State Representative,12,REP,UNDER VOTES,21
Limestone,0206,State Representative,12,REP,UNDER VOTES,14
Limestone,0301,State Representative,12,REP,UNDER VOTES,56
Limestone,0302,State Representative,12,REP,UNDER VOTES,19
Limestone,0303,State Representative,12,REP,UNDER VOTES,7
Limestone,0304,State Representative,12,REP,UNDER VOTES,40
Limestone,0305,State Representative,12,REP,UNDER VOTES,24
Limestone,0401,State Representative,12,REP,UNDER VOTES,31
Limestone,0402,State Representative,12,REP,UNDER VOTES,27
Limestone,0403,State Representative,12,REP,UNDER VOTES,12
Limestone,0404,State Representative,12,REP,UNDER VOTES,17
Limestone,0405,State Representative,12,REP,UNDER VOTES,17
Limestone,0406,State Representative,12,REP,UNDER VOTES,7
Limestone,0101,"Justice, 10th Court of Appeals District, Place 3",,REP,Al Scoggins,331
Limestone,0102,"Justice, 10th Court of Appeals District, Place 3",,REP,Al Scoggins,140
Limestone,0103,"Justice, 10th Court of Appeals District, Place 3",,REP,Al Scoggins,144
Limestone,0104,"Justice, 10th Court of Appeals District, Place 3",,REP,Al Scoggins,166
Limestone,0201,"Justice, 10th Court of Appeals District, Place 3",,REP,Al Scoggins,74
Limestone,0202,"Justice, 10th Court of Appeals District, Place 3",,REP,Al Scoggins,24
Limestone,0203,"Justice, 10th Court of Appeals District, Place 3",,REP,Al Scoggins,17
Limestone,0204,"Justice, 10th Court of Appeals District, Place 3",,REP,Al Scoggins,107
Limestone,0205,"Justice, 10th Court of Appeals District, Place 3",,REP,Al Scoggins,68
Limestone,0206,"Justice, 10th Court of Appeals District, Place 3",,REP,Al Scoggins,68
Limestone,0301,"Justice, 10th Court of Appeals District, Place 3",,REP,Al Scoggins,291
Limestone,0302,"Justice, 10th Court of Appeals District, Place 3",,REP,Al Scoggins,136
Limestone,0303,"Justice, 10th Court of Appeals District, Place 3",,REP,Al Scoggins,44
Limestone,0304,"Justice, 10th Court of Appeals District, Place 3",,REP,Al Scoggins,219
Limestone,0305,"Justice, 10th Court of Appeals District, Place 3",,REP,Al Scoggins,81
Limestone,0401,"Justice, 10th Court of Appeals District, Place 3",,REP,Al Scoggins,217
Limestone,0402,"Justice, 10th Court of Appeals District, Place 3",,REP,Al Scoggins,102
Limestone,0403,"Justice, 10th Court of Appeals District, Place 3",,REP,Al Scoggins,78
Limestone,0404,"Justice, 10th Court of Appeals District, Place 3",,REP,Al Scoggins,102
Limestone,0405,"Justice, 10th Court of Appeals District, Place 3",,REP,Al Scoggins,84
Limestone,0406,"Justice, 10th Court of Appeals District, Place 3",,REP,Al Scoggins,52
Limestone,0101,"Justice, 10th Court of Appeals District, Place 3",,REP,OVER VOTES,0
Limestone,0102,"Justice, 10th Court of Appeals District, Place 3",,REP,OVER VOTES,0
Limestone,0103,"Justice, 10th Court of Appeals District, Place 3",,REP,OVER VOTES,0
Limestone,0104,"Justice, 10th Court of Appeals District, Place 3",,REP,OVER VOTES,0
Limestone,0201,"Justice, 10th Court of Appeals District, Place 3",,REP,OVER VOTES,0
Limestone,0202,"Justice, 10th Court of Appeals District, Place 3",,REP,OVER VOTES,0
Limestone,0203,"Justice, 10th Court of Appeals District, Place 3",,REP,OVER VOTES,0
Limestone,0204,"Justice, 10th Court of Appeals District, Place 3",,REP,OVER VOTES,0
Limestone,0205,"Justice, 10th Court of Appeals District, Place 3",,REP,OVER VOTES,0
Limestone,0206,"Justice, 10th Court of Appeals District, Place 3",,REP,OVER VOTES,0
Limestone,0301,"Justice, 10th Court of Appeals District, Place 3",,REP,OVER VOTES,0
Limestone,0302,"Justice, 10th Court of Appeals District, Place 3",,REP,OVER VOTES,0
Limestone,0303,"Justice, 10th Court of Appeals District, Place 3",,REP,OVER VOTES,0
Limestone,0304,"Justice, 10th Court of Appeals District, Place 3",,REP,OVER VOTES,0
Limestone,0305,"Justice, 10th Court of Appeals District, Place 3",,REP,OVER VOTES,0
Limestone,0401,"Justice, 10th Court of Appeals District, Place 3",,REP,OVER VOTES,0
Limestone,0402,"Justice, 10th Court of Appeals District, Place 3",,REP,OVER VOTES,0
Limestone,0403,"Justice, 10th Court of Appeals District, Place 3",,REP,OVER VOTES,0
Limestone,0404,"Justice, 10th Court of Appeals District, Place 3",,REP,OVER VOTES,0
Limestone,0405,"Justice, 10th Court of Appeals District, Place 3",,REP,OVER VOTES,0
Limestone,0406,"Justice, 10th Court of Appeals District, Place 3",,REP,OVER VOTES,0
Limestone,0101,"Justice, 10th Court of Appeals District, Place 3",,REP,UNDER VOTES,149
Limestone,0102,"Justice, 10th Court of Appeals District, Place 3",,REP,UNDER VOTES,87
Limestone,0103,"Justice, 10th Court of Appeals District, Place 3",,REP,UNDER VOTES,92
Limestone,0104,"Justice, 10th Court of Appeals District, Place 3",,REP,UNDER VOTES,92
Limestone,0201,"Justice, 10th Court of Appeals District, Place 3",,REP,UNDER VOTES,35
Limestone,0202,"Justice, 10th Court of Appeals District, Place 3",,REP,UNDER VOTES,0
Limestone,0203,"Justice, 10th Court of Appeals District, Place 3",,REP,UNDER VOTES,10
Limestone,0204,"Justice, 10th Court of Appeals District, Place 3",,REP,UNDER VOTES,42
Limestone,0205,"Justice, 10th Court of Appeals District, Place 3",,REP,UNDER VOTES,47
Limestone,0206,"Justice, 10th Court of Appeals District, Place 3",,REP,UNDER VOTES,52
Limestone,0301,"Justice, 10th Court of Appeals District, Place 3",,REP,UNDER VOTES,138
Limestone,0302,"Justice, 10th Court of Appeals District, Place 3",,REP,UNDER VOTES,48
Limestone,0303,"Justice, 10th Court of Appeals District, Place 3",,REP,UNDER VOTES,16
Limestone,0304,"Justice, 10th Court of Appeals District, Place 3",,REP,UNDER VOTES,94
Limestone,0305,"Justice, 10th Court of Appeals District, Place 3",,REP,UNDER VOTES,47
Limestone,0401,"Justice, 10th Court of Appeals District, Place 3",,REP,UNDER VOTES,94
Limestone,0402,"Justice, 10th Court of Appeals District, Place 3",,REP,UNDER VOTES,60
Limestone,0403,"Justice, 10th Court of Appeals District, Place 3",,REP,UNDER VOTES,31
Limestone,0404,"Justice, 10th Court of Appeals District, Place 3",,REP,UNDER VOTES,54
Limestone,0405,"Justice, 10th Court of Appeals District, Place 3",,REP,UNDER VOTES,41
Limestone,0406,"Justice, 10th Court of Appeals District, Place 3",,REP,UNDER VOTES,27
Limestone,0101,"District Judge, 77th Judicial District",,REP,Pat Simmons,388
Limestone,0102,"District Judge, 77th Judicial District",,REP,Pat Simmons,171
Limestone,0103,"District Judge, 77th Judicial District",,REP,Pat Simmons,166
Limestone,0104,"District Judge, 77th Judicial District",,REP,Pat Simmons,189
Limestone,0201,"District Judge, 77th Judicial District",,REP,Pat Simmons,97
Limestone,0202,"District Judge, 77th Judicial District",,REP,Pat Simmons,24
Limestone,0203,"District Judge, 77th Judicial District",,REP,Pat Simmons,22
Limestone,0204,"District Judge, 77th Judicial District",,REP,Pat Simmons,103
Limestone,0205,"District Judge, 77th Judicial District",,REP,Pat Simmons,82
Limestone,0206,"District Judge, 77th Judicial District",,REP,Pat Simmons,96
Limestone,0301,"District Judge, 77th Judicial District",,REP,Pat Simmons,331
Limestone,0302,"District Judge, 77th Judicial District",,REP,Pat Simmons,157
Limestone,0303,"District Judge, 77th Judicial District",,REP,Pat Simmons,44
Limestone,0304,"District Judge, 77th Judicial District",,REP,Pat Simmons,264
Limestone,0305,"District Judge, 77th Judicial District",,REP,Pat Simmons,107
Limestone,0401,"District Judge, 77th Judicial District",,REP,Pat Simmons,276
Limestone,0402,"District Judge, 77th Judicial District",,REP,Pat Simmons,114
Limestone,0403,"District Judge, 77th Judicial District",,REP,Pat Simmons,99
Limestone,0404,"District Judge, 77th Judicial District",,REP,Pat Simmons,137
Limestone,0405,"District Judge, 77th Judicial District",,REP,Pat Simmons,92
Limestone,0406,"District Judge, 77th Judicial District",,REP,Pat Simmons,60
Limestone,0101,"District Judge, 77th Judicial District",,REP,OVER VOTES,0
Limestone,0102,"District Judge, 77th Judicial District",,REP,OVER VOTES,0
Limestone,0103,"District Judge, 77th Judicial District",,REP,OVER VOTES,0
Limestone,0104,"District Judge, 77th Judicial District",,REP,OVER VOTES,0
Limestone,0201,"District Judge, 77th Judicial District",,REP,OVER VOTES,0
Limestone,0202,"District Judge, 77th Judicial District",,REP,OVER VOTES,0
Limestone,0203,"District Judge, 77th Judicial District",,REP,OVER VOTES,0
Limestone,0204,"District Judge, 77th Judicial District",,REP,OVER VOTES,0
Limestone,0205,"District Judge, 77th Judicial District",,REP,OVER VOTES,0
Limestone,0206,"District Judge, 77th Judicial District",,REP,OVER VOTES,0
Limestone,0301,"District Judge, 77th Judicial District",,REP,OVER VOTES,0
Limestone,0302,"District Judge, 77th Judicial District",,REP,OVER VOTES,0
Limestone,0303,"District Judge, 77th Judicial District",,REP,OVER VOTES,0
Limestone,0304,"District Judge, 77th Judicial District",,REP,OVER VOTES,0
Limestone,0305,"District Judge, 77th Judicial District",,REP,OVER VOTES,0
Limestone,0401,"District Judge, 77th Judicial District",,REP,OVER VOTES,0
Limestone,0402,"District Judge, 77th Judicial District",,REP,OVER VOTES,0
Limestone,0403,"District Judge, 77th Judicial District",,REP,OVER VOTES,0
Limestone,0404,"District Judge, 77th Judicial District",,REP,OVER VOTES,0
Limestone,0405,"District Judge, 77th Judicial District",,REP,OVER VOTES,0
Limestone,0406,"District Judge, 77th Judicial District",,REP,OVER VOTES,0
Limestone,0101,"District Judge, 77th Judicial District",,REP,UNDER VOTES,92
Limestone,0102,"District Judge, 77th Judicial District",,REP,UNDER VOTES,56
Limestone,0103,"District Judge, 77th Judicial District",,REP,UNDER VOTES,70
Limestone,0104,"District Judge, 77th Judicial District",,REP,UNDER VOTES,69
Limestone,0201,"District Judge, 77th Judicial District",,REP,UNDER VOTES,12
Limestone,0202,"District Judge, 77th Judicial District",,REP,UNDER VOTES,0
Limestone,0203,"District Judge, 77th Judicial District",,REP,UNDER VOTES,5
Limestone,0204,"District Judge, 77th Judicial District",,REP,UNDER VOTES,46
Limestone,0205,"District Judge, 77th Judicial District",,REP,UNDER VOTES,33
Limestone,0206,"District Judge, 77th Judicial District",,REP,UNDER VOTES,24
Limestone,0301,"District Judge, 77th Judicial District",,REP,UNDER VOTES,89
Limestone,0302,"District Judge, 77th Judicial District",,REP,UNDER VOTES,27
Limestone,0303,"District Judge, 77th Judicial District",,REP,UNDER VOTES,16
Limestone,0304,"District Judge, 77th Judicial District",,REP,UNDER VOTES,49
Limestone,0305,"District Judge, 77th Judicial District",,REP,UNDER VOTES,21
Limestone,0401,"District Judge, 77th Judicial District",,REP,UNDER VOTES,35
Limestone,0402,"District Judge, 77th Judicial District",,REP,UNDER VOTES,48
Limestone,0403,"District Judge, 77th Judicial District",,REP,UNDER VOTES,10
Limestone,0404,"District Judge, 77th Judicial District",,REP,UNDER VOTES,19
Limestone,0405,"District Judge, 77th Judicial District",,REP,UNDER VOTES,33
Limestone,0406,"District Judge, 77th Judicial District",,REP,UNDER VOTES,19
Limestone,0101,President,,DEM,Bernie Sanders,21
Limestone,0102,President,,DEM,Bernie Sanders,3
Limestone,0103,President,,DEM,Bernie Sanders,4
Limestone,0104,President,,DEM,Bernie Sanders,5
Limestone,0201,President,,DEM,Bernie Sanders,4
Limestone,0202,President,,DEM,Bernie Sanders,11
Limestone,0203,President,,DEM,Bernie Sanders,1
Limestone,0204,President,,DEM,Bernie Sanders,10
Limestone,0205,President,,DEM,Bernie Sanders,3
Limestone,0206,President,,DEM,Bernie Sanders,7
Limestone,0301,President,,DEM,Bernie Sanders,14
Limestone,0302,President,,DEM,Bernie Sanders,7
Limestone,0303,President,,DEM,Bernie Sanders,3
Limestone,0304,President,,DEM,Bernie Sanders,7
Limestone,0305,President,,DEM,Bernie Sanders,6
Limestone,0401,President,,DEM,Bernie Sanders,25
Limestone,0402,President,,DEM,Bernie Sanders,3
Limestone,0403,President,,DEM,Bernie Sanders,2
Limestone,0404,President,,DEM,Bernie Sanders,5
Limestone,0405,President,,DEM,Bernie Sanders,5
Limestone,0406,President,,DEM,Bernie Sanders,2
Limestone,0101,President,,DEM,Willie L. Wilson,0
Limestone,0102,President,,DEM,Willie L. Wilson,0
Limestone,0103,President,,DEM,Willie L. Wilson,0
Limestone,0104,President,,DEM,Willie L. Wilson,0
Limestone,0201,President,,DEM,Willie L. Wilson,0
Limestone,0202,President,,DEM,Willie L. Wilson,0
Limestone,0203,President,,DEM,Willie L. Wilson,1
Limestone,0204,President,,DEM,Willie L. Wilson,1
Limestone,0205,President,,DEM,Willie L. Wilson,0
Limestone,0206,President,,DEM,Willie L. Wilson,0
Limestone,0301,President,,DEM,Willie L. Wilson,0
Limestone,0302,President,,DEM,Willie L. Wilson,0
Limestone,0303,President,,DEM,Willie L. Wilson,0
Limestone,0304,President,,DEM,Willie L. Wilson,0
Limestone,0305,President,,DEM,Willie L. Wilson,0
Limestone,0401,President,,DEM,Willie L. Wilson,1
Limestone,0402,President,,DEM,Willie L. Wilson,0
Limestone,0403,President,,DEM,Willie L. Wilson,0
Limestone,0404,President,,DEM,Willie L. Wilson,1
Limestone,0405,President,,DEM,Willie L. Wilson,0
Limestone,0406,President,,DEM,Willie L. Wilson,0
Limestone,0101,President,,DEM,Calvis L. Hawes,0
Limestone,0102,President,,DEM,Calvis L. Hawes,0
Limestone,0103,President,,DEM,Calvis L. Hawes,0
Limestone,0104,President,,DEM,Calvis L. Hawes,0
Limestone,0201,President,,DEM,Calvis L. Hawes,0
Limestone,0202,President,,DEM,Calvis L. Hawes,0
Limestone,0203,President,,DEM,Calvis L. Hawes,0
Limestone,0204,President,,DEM,Calvis L. Hawes,0
Limestone,0205,President,,DEM,Calvis L. Hawes,0
Limestone,0206,President,,DEM,Calvis L. Hawes,0
Limestone,0301,President,,DEM,Calvis L. Hawes,0
Limestone,0302,President,,DEM,Calvis L. Hawes,0
Limestone,0303,President,,DEM,Calvis L. Hawes,0
Limestone,0304,President,,DEM,Calvis L. Hawes,0
Limestone,0305,President,,DEM,Calvis L. Hawes,0
Limestone,0401,President,,DEM,Calvis L. Hawes,0
Limestone,0402,President,,DEM,Calvis L. Hawes,0
Limestone,0403,President,,DEM,Calvis L. Hawes,0
Limestone,0404,President,,DEM,Calvis L. Hawes,0
Limestone,0405,President,,DEM,Calvis L. Hawes,0
Limestone,0406,President,,DEM,Calvis L. Hawes,0
Limestone,0101,President,,DEM,Keith Judd,0
Limestone,0102,President,,DEM,Keith Judd,0
Limestone,0103,President,,DEM,Keith Judd,0
Limestone,0104,President,,DEM,Keith Judd,0
Limestone,0201,President,,DEM,Keith Judd,0
Limestone,0202,President,,DEM,Keith Judd,0
Limestone,0203,President,,DEM,Keith Judd,0
Limestone,0204,President,,DEM,Keith Judd,0
Limestone,0205,President,,DEM,Keith Judd,0
Limestone,0206,President,,DEM,Keith Judd,0
Limestone,0301,President,,DEM,Keith Judd,0
Limestone,0302,President,,DEM,Keith Judd,0
Limestone,0303,President,,DEM,Keith Judd,1
Limestone,0304,President,,DEM,Keith Judd,0
Limestone,0305,President,,DEM,Keith Judd,0
Limestone,0401,President,,DEM,Keith Judd,0
Limestone,0402,President,,DEM,Keith Judd,0
Limestone,0403,President,,DEM,Keith Judd,0
Limestone,0404,President,,DEM,Keith Judd,0
Limestone,0405,President,,DEM,Keith Judd,0
Limestone,0406,President,,DEM,Keith Judd,0
Limestone,0101,President,,DEM,Star Locke,0
Limestone,0102,President,,DEM,Star Locke,0
Limestone,0103,President,,DEM,Star Locke,0
Limestone,0104,President,,DEM,Star Locke,0
Limestone,0201,President,,DEM,Star Locke,0
Limestone,0202,President,,DEM,Star Locke,0
Limestone,0203,President,,DEM,Star Locke,0
Limestone,0204,President,,DEM,Star Locke,0
Limestone,0205,President,,DEM,Star Locke,0
Limestone,0206,President,,DEM,Star Locke,0
Limestone,0301,President,,DEM,Star Locke,0
Limestone,0302,President,,DEM,Star Locke,0
Limestone,0303,President,,DEM,Star Locke,0
Limestone,0304,President,,DEM,Star Locke,0
Limestone,0305,President,,DEM,Star Locke,0
Limestone,0401,President,,DEM,Star Locke,1
Limestone,0402,President,,DEM,Star Locke,0
Limestone,0403,President,,DEM,Star Locke,0
Limestone,0404,President,,DEM,Star Locke,0
Limestone,0405,President,,DEM,Star Locke,0
Limestone,0406,President,,DEM,Star Locke,0
Limestone,0101,President,,DEM,Martin J. O'Malley,0
Limestone,0102,President,,DEM,Martin J. O'Malley,0
Limestone,0103,President,,DEM,Martin J. O'Malley,0
Limestone,0104,President,,DEM,Martin J. O'Malley,0
Limestone,0201,President,,DEM,Martin J. O'Malley,0
Limestone,0202,President,,DEM,Martin J. O'Malley,0
Limestone,0203,President,,DEM,Martin J. O'Malley,0
Limestone,0204,President,,DEM,Martin J. O'Malley,0
Limestone,0205,President,,DEM,Martin J. O'Malley,1
Limestone,0206,President,,DEM,Martin J. O'Malley,0
Limestone,0301,President,,DEM,Martin J. O'Malley,1
Limestone,0302,President,,DEM,Martin J. O'Malley,0
Limestone,0303,President,,DEM,Martin J. O'Malley,1
Limestone,0304,President,,DEM,Martin J. O'Malley,0
Limestone,0305,President,,DEM,Martin J. O'Malley,0
Limestone,0401,President,,DEM,Martin J. O'Malley,0
Limestone,0402,President,,DEM,Martin J. O'Malley,0
Limestone,0403,President,,DEM,Martin J. O'Malley,0
Limestone,0404,President,,DEM,Martin J. O'Malley,0
Limestone,0405,President,,DEM,Martin J. O'Malley,0
Limestone,0406,President,,DEM,Martin J. O'Malley,0
Limestone,0101,President,,DEM,"Roque ""Rocky"" De La Fuente",1
Limestone,0102,President,,DEM,"Roque ""Rocky"" De La Fuente",0
Limestone,0103,President,,DEM,"Roque ""Rocky"" De La Fuente",0
Limestone,0104,President,,DEM,"Roque ""Rocky"" De La Fuente",0
Limestone,0201,President,,DEM,"Roque ""Rocky"" De La Fuente",0
Limestone,0202,President,,DEM,"Roque ""Rocky"" De La Fuente",1
Limestone,0203,President,,DEM,"Roque ""Rocky"" De La Fuente",0
Limestone,0204,President,,DEM,"Roque ""Rocky"" De La Fuente",0
Limestone,0205,President,,DEM,"Roque ""Rocky"" De La Fuente",0
Limestone,0206,President,,DEM,"Roque ""Rocky"" De La Fuente",0
Limestone,0301,President,,DEM,"Roque ""Rocky"" De La Fuente",0
Limestone,0302,President,,DEM,"Roque ""Rocky"" De La Fuente",0
Limestone,0303,President,,DEM,"Roque ""Rocky"" De La Fuente",0
Limestone,0304,President,,DEM,"Roque ""Rocky"" De La Fuente",0
Limestone,0305,President,,DEM,"Roque ""Rocky"" De La Fuente",0
Limestone,0401,President,,DEM,"Roque ""Rocky"" De La Fuente",1
Limestone,0402,President,,DEM,"Roque ""Rocky"" De La Fuente",0
Limestone,0403,President,,DEM,"Roque ""Rocky"" De La Fuente",0
Limestone,0404,President,,DEM,"Roque ""Rocky"" De La Fuente",0
Limestone,0405,President,,DEM,"Roque ""Rocky"" De La Fuente",0
Limestone,0406,President,,DEM,"Roque ""Rocky"" De La Fuente",0
Limestone,0101,President,,DEM,Hillary Clinton,82
Limestone,0102,President,,DEM,Hillary Clinton,9
Limestone,0103,President,,DEM,Hillary Clinton,32
Limestone,0104,President,,DEM,Hillary Clinton,16
Limestone,0201,President,,DEM,Hillary Clinton,38
Limestone,0202,President,,DEM,Hillary Clinton,76
Limestone,0203,President,,DEM,Hillary Clinton,33
Limestone,0204,President,,DEM,Hillary Clinton,22
Limestone,0205,President,,DEM,Hillary Clinton,31
Limestone,0206,President,,DEM,Hillary Clinton,10
Limestone,0301,President,,DEM,Hillary Clinton,63
Limestone,0302,President,,DEM,Hillary Clinton,18
Limestone,0303,President,,DEM,Hillary Clinton,4
Limestone,0304,President,,DEM,Hillary Clinton,18
Limestone,0305,President,,DEM,Hillary Clinton,13
Limestone,0401,President,,DEM,Hillary Clinton,92
Limestone,0402,President,,DEM,Hillary Clinton,12
Limestone,0403,President,,DEM,Hillary Clinton,4
Limestone,0404,President,,DEM,Hillary Clinton,11
Limestone,0405,President,,DEM,Hillary Clinton,11
Limestone,0406,President,,DEM,Hillary Clinton,3
Limestone,0101,President,,DEM,OVER VOTES,0
Limestone,0102,President,,DEM,OVER VOTES,0
Limestone,0103,President,,DEM,OVER VOTES,0
Limestone,0104,President,,DEM,OVER VOTES,0
Limestone,0201,President,,DEM,OVER VOTES,0
Limestone,0202,President,,DEM,OVER VOTES,0
Limestone,0203,President,,DEM,OVER VOTES,0
Limestone,0204,President,,DEM,OVER VOTES,0
Limestone,0205,President,,DEM,OVER VOTES,0
Limestone,0206,President,,DEM,OVER VOTES,0
Limestone,0301,President,,DEM,OVER VOTES,0
Limestone,0302,President,,DEM,OVER VOTES,0
Limestone,0303,President,,DEM,OVER VOTES,0
Limestone,0304,President,,DEM,OVER VOTES,0
Limestone,0305,President,,DEM,OVER VOTES,0
Limestone,0401,President,,DEM,OVER VOTES,0
Limestone,0402,President,,DEM,OVER VOTES,0
Limestone,0403,President,,DEM,OVER VOTES,0
Limestone,0404,President,,DEM,OVER VOTES,0
Limestone,0405,President,,DEM,OVER VOTES,0
Limestone,0406,President,,DEM,OVER VOTES,0
Limestone,0101,President,,DEM,UNDER VOTES,2
Limestone,0102,President,,DEM,UNDER VOTES,0
Limestone,0103,President,,DEM,UNDER VOTES,2
Limestone,0104,President,,DEM,UNDER VOTES,0
Limestone,0201,President,,DEM,UNDER VOTES,2
Limestone,0202,President,,DEM,UNDER VOTES,1
Limestone,0203,President,,DEM,UNDER VOTES,0
Limestone,0204,President,,DEM,UNDER VOTES,0
Limestone,0205,President,,DEM,UNDER VOTES,0
Limestone,0206,President,,DEM,UNDER VOTES,0
Limestone,0301,President,,DEM,UNDER VOTES,0
Limestone,0302,President,,DEM,UNDER VOTES,0
Limestone,0303,President,,DEM,UNDER VOTES,1
Limestone,0304,President,,DEM,UNDER VOTES,0
Limestone,0305,President,,DEM,UNDER VOTES,0
Limestone,0401,President,,DEM,UNDER VOTES,2
Limestone,0402,President,,DEM,UNDER VOTES,1
Limestone,0403,President,,DEM,UNDER VOTES,0
Limestone,0404,President,,DEM,UNDER VOTES,0
Limestone,0405,President,,DEM,UNDER VOTES,0
Limestone,0406,President,,DEM,UNDER VOTES,1
Limestone,0101,U.S. House,17,DEM,William Matta,63
Limestone,0102,U.S. House,17,DEM,William Matta,9
Limestone,0103,U.S. House,17,DEM,William Matta,19
Limestone,0104,U.S. House,17,DEM,William Matta,17
Limestone,0201,U.S. House,17,DEM,William Matta,21
Limestone,0202,U.S. House,17,DEM,William Matta,57
Limestone,0203,U.S. House,17,DEM,William Matta,20
Limestone,0204,U.S. House,17,DEM,William Matta,21
Limestone,0205,U.S. House,17,DEM,William Matta,28
Limestone,0206,U.S. House,17,DEM,William Matta,12
Limestone,0301,U.S. House,17,DEM,William Matta,49
Limestone,0302,U.S. House,17,DEM,William Matta,18
Limestone,0303,U.S. House,17,DEM,William Matta,5
Limestone,0304,U.S. House,17,DEM,William Matta,15
Limestone,0305,U.S. House,17,DEM,William Matta,13
Limestone,0401,U.S. House,17,DEM,William Matta,68
Limestone,0402,U.S. House,17,DEM,William Matta,8
Limestone,0403,U.S. House,17,DEM,William Matta,6
Limestone,0404,U.S. House,17,DEM,William Matta,13
Limestone,0405,U.S. House,17,DEM,William Matta,12
Limestone,0406,U.S. House,17,DEM,William Matta,5
Limestone,0101,U.S. House,17,DEM,OVER VOTES,0
Limestone,0102,U.S. House,17,DEM,OVER VOTES,0
Limestone,0103,U.S. House,17,DEM,OVER VOTES,0
Limestone,0104,U.S. House,17,DEM,OVER VOTES,0
Limestone,0201,U.S. House,17,DEM,OVER VOTES,0
Limestone,0202,U.S. House,17,DEM,OVER VOTES,0
Limestone,0203,U.S. House,17,DEM,OVER VOTES,0
Limestone,0204,U.S. House,17,DEM,OVER VOTES,0
Limestone,0205,U.S. House,17,DEM,OVER VOTES,0
Limestone,0206,U.S. House,17,DEM,OVER VOTES,0
Limestone,0301,U.S. House,17,DEM,OVER VOTES,0
Limestone,0302,U.S. House,17,DEM,OVER VOTES,0
Limestone,0303,U.S. House,17,DEM,OVER VOTES,0
Limestone,0304,U.S. House,17,DEM,OVER VOTES,0
Limestone,0305,U.S. House,17,DEM,OVER VOTES,0
Limestone,0401,U.S. House,17,DEM,OVER VOTES,0
Limestone,0402,U.S. House,17,DEM,OVER VOTES,0
Limestone,0403,U.S. House,17,DEM,OVER VOTES,0
Limestone,0404,U.S. House,17,DEM,OVER VOTES,0
Limestone,0405,U.S. House,17,DEM,OVER VOTES,0
Limestone,0406,U.S. House,17,DEM,OVER VOTES,0
Limestone,0101,U.S. House,17,DEM,UNDER VOTES,43
Limestone,0102,U.S. House,17,DEM,UNDER VOTES,3
Limestone,0103,U.S. House,17,DEM,UNDER VOTES,19
Limestone,0104,U.S. House,17,DEM,UNDER VOTES,4
Limestone,0201,U.S. House,17,DEM,UNDER VOTES,23
Limestone,0202,U.S. House,17,DEM,UNDER VOTES,32
Limestone,0203,U.S. House,17,DEM,UNDER VOTES,15
Limestone,0204,U.S. House,17,DEM,UNDER VOTES,12
Limestone,0205,U.S. House,17,DEM,UNDER VOTES,7
Limestone,0206,U.S. House,17,DEM,UNDER VOTES,5
Limestone,0301,U.S. House,17,DEM,UNDER VOTES,29
Limestone,0302,U.S. House,17,DEM,UNDER VOTES,7
Limestone,0303,U.S. House,17,DEM,UNDER VOTES,5
Limestone,0304,U.S. House,17,DEM,UNDER VOTES,10
Limestone,0305,U.S. House,17,DEM,UNDER VOTES,6
Limestone,0401,U.S. House,17,DEM,UNDER VOTES,54
Limestone,0402,U.S. House,17,DEM,UNDER VOTES,8
Limestone,0403,U.S. House,17,DEM,UNDER VOTES,0
Limestone,0404,U.S. House,17,DEM,UNDER VOTES,4
Limestone,0405,U.S. House,17,DEM,UNDER VOTES,4
Limestone,0406,U.S. House,17,DEM,UNDER VOTES,1
Limestone,0101,Railroad Commissioner,,DEM,Grady Yarbrough,34
Limestone,0102,Railroad Commissioner,,DEM,Grady Yarbrough,6
Limestone,0103,Railroad Commissioner,,DEM,Grady Yarbrough,9
Limestone,0104,Railroad Commissioner,,DEM,Grady Yarbrough,10
Limestone,0201,Railroad Commissioner,,DEM,Grady Yarbrough,10
Limestone,0202,Railroad Commissioner,,DEM,Grady Yarbrough,25
Limestone,0203,Railroad Commissioner,,DEM,Grady Yarbrough,12
Limestone,0204,Railroad Commissioner,,DEM,Grady Yarbrough,14
Limestone,0205,Railroad Commissioner,,DEM,Grady Yarbrough,16
Limestone,0206,Railroad Commissioner,,DEM,Grady Yarbrough,6
Limestone,0301,Railroad Commissioner,,DEM,Grady Yarbrough,29
Limestone,0302,Railroad Commissioner,,DEM,Grady Yarbrough,8
Limestone,0303,Railroad Commissioner,,DEM,Grady Yarbrough,2
Limestone,0304,Railroad Commissioner,,DEM,Grady Yarbrough,15
Limestone,0305,Railroad Commissioner,,DEM,Grady Yarbrough,11
Limestone,0401,Railroad Commissioner,,DEM,Grady Yarbrough,44
Limestone,0402,Railroad Commissioner,,DEM,Grady Yarbrough,7
Limestone,0403,Railroad Commissioner,,DEM,Grady Yarbrough,1
Limestone,0404,Railroad Commissioner,,DEM,Grady Yarbrough,8
Limestone,0405,Railroad Commissioner,,DEM,Grady Yarbrough,9
Limestone,0406,Railroad Commissioner,,DEM,Grady Yarbrough,3
Limestone,0101,Railroad Commissioner,,DEM,Cody Garrett,31
Limestone,0102,Railroad Commissioner,,DEM,Cody Garrett,4
Limestone,0103,Railroad Commissioner,,DEM,Cody Garrett,10
Limestone,0104,Railroad Commissioner,,DEM,Cody Garrett,4
Limestone,0201,Railroad Commissioner,,DEM,Cody Garrett,18
Limestone,0202,Railroad Commissioner,,DEM,Cody Garrett,24
Limestone,0203,Railroad Commissioner,,DEM,Cody Garrett,11
Limestone,0204,Railroad Commissioner,,DEM,Cody Garrett,7
Limestone,0205,Railroad Commissioner,,DEM,Cody Garrett,12
Limestone,0206,Railroad Commissioner,,DEM,Cody Garrett,8
Limestone,0301,Railroad Commissioner,,DEM,Cody Garrett,25
Limestone,0302,Railroad Commissioner,,DEM,Cody Garrett,8
Limestone,0303,Railroad Commissioner,,DEM,Cody Garrett,1
Limestone,0304,Railroad Commissioner,,DEM,Cody Garrett,4
Limestone,0305,Railroad Commissioner,,DEM,Cody Garrett,1
Limestone,0401,Railroad Commissioner,,DEM,Cody Garrett,31
Limestone,0402,Railroad Commissioner,,DEM,Cody Garrett,4
Limestone,0403,Railroad Commissioner,,DEM,Cody Garrett,4
Limestone,0404,Railroad Commissioner,,DEM,Cody Garrett,6
Limestone,0405,Railroad Commissioner,,DEM,Cody Garrett,3
Limestone,0406,Railroad Commissioner,,DEM,Cody Garrett,1
Limestone,0101,Railroad Commissioner,,DEM,Lon Burnam,14
Limestone,0102,Railroad Commissioner,,DEM,Lon Burnam,2
Limestone,0103,Railroad Commissioner,,DEM,Lon Burnam,9
Limestone,0104,Railroad Commissioner,,DEM,Lon Burnam,4
Limestone,0201,Railroad Commissioner,,DEM,Lon Burnam,4
Limestone,0202,Railroad Commissioner,,DEM,Lon Burnam,22
Limestone,0203,Railroad Commissioner,,DEM,Lon Burnam,5
Limestone,0204,Railroad Commissioner,,DEM,Lon Burnam,7
Limestone,0205,Railroad Commissioner,,DEM,Lon Burnam,3
Limestone,0206,Railroad Commissioner,,DEM,Lon Burnam,0
Limestone,0301,Railroad Commissioner,,DEM,Lon Burnam,8
Limestone,0302,Railroad Commissioner,,DEM,Lon Burnam,5
Limestone,0303,Railroad Commissioner,,DEM,Lon Burnam,3
Limestone,0304,Railroad Commissioner,,DEM,Lon Burnam,2
Limestone,0305,Railroad Commissioner,,DEM,Lon Burnam,3
Limestone,0401,Railroad Commissioner,,DEM,Lon Burnam,17
Limestone,0402,Railroad Commissioner,,DEM,Lon Burnam,2
Limestone,0403,Railroad Commissioner,,DEM,Lon Burnam,1
Limestone,0404,Railroad Commissioner,,DEM,Lon Burnam,3
Limestone,0405,Railroad Commissioner,,DEM,Lon Burnam,3
Limestone,0406,Railroad Commissioner,,DEM,Lon Burnam,0
Limestone,0101,Railroad Commissioner,,DEM,OVER VOTES,0
Limestone,0102,Railroad Commissioner,,DEM,OVER VOTES,0
Limestone,0103,Railroad Commissioner,,DEM,OVER VOTES,0
Limestone,0104,Railroad Commissioner,,DEM,OVER VOTES,0
Limestone,0201,Railroad Commissioner,,DEM,OVER VOTES,0
Limestone,0202,Railroad Commissioner,,DEM,OVER VOTES,0
Limestone,0203,Railroad Commissioner,,DEM,OVER VOTES,0
Limestone,0204,Railroad Commissioner,,DEM,OVER VOTES,0
Limestone,0205,Railroad Commissioner,,DEM,OVER VOTES,0
Limestone,0206,Railroad Commissioner,,DEM,OVER VOTES,0
Limestone,0301,Railroad Commissioner,,DEM,OVER VOTES,0
Limestone,0302,Railroad Commissioner,,DEM,OVER VOTES,0
Limestone,0303,Railroad Commissioner,,DEM,OVER VOTES,0
Limestone,0304,Railroad Commissioner,,DEM,OVER VOTES,0
Limestone,0305,Railroad Commissioner,,DEM,OVER VOTES,0
Limestone,0401,Railroad Commissioner,,DEM,OVER VOTES,0
Limestone,0402,Railroad Commissioner,,DEM,OVER VOTES,0
Limestone,0403,Railroad Commissioner,,DEM,OVER VOTES,0
Limestone,0404,Railroad Commissioner,,DEM,OVER VOTES,0
Limestone,0405,Railroad Commissioner,,DEM,OVER VOTES,0
Limestone,0406,Railroad Commissioner,,DEM,OVER VOTES,0
Limestone,0101,Railroad Commissioner,,DEM,UNDER VOTES,27
Limestone,0102,Railroad Commissioner,,DEM,UNDER VOTES,0
Limestone,0103,Railroad Commissioner,,DEM,UNDER VOTES,10
Limestone,0104,Railroad Commissioner,,DEM,UNDER VOTES,3
Limestone,0201,Railroad Commissioner,,DEM,UNDER VOTES,12
Limestone,0202,Railroad Commissioner,,DEM,UNDER VOTES,18
Limestone,0203,Railroad Commissioner,,DEM,UNDER VOTES,7
Limestone,0204,Railroad Commissioner,,DEM,UNDER VOTES,5
Limestone,0205,Railroad Commissioner,,DEM,UNDER VOTES,4
Limestone,0206,Railroad Commissioner,,DEM,UNDER VOTES,3
Limestone,0301,Railroad Commissioner,,DEM,UNDER VOTES,16
Limestone,0302,Railroad Commissioner,,DEM,UNDER VOTES,4
Limestone,0303,Railroad Commissioner,,DEM,UNDER VOTES,4
Limestone,0304,Railroad Commissioner,,DEM,UNDER VOTES,4
Limestone,0305,Railroad Commissioner,,DEM,UNDER VOTES,4
Limestone,0401,Railroad Commissioner,,DEM,UNDER VOTES,30
Limestone,0402,Railroad Commissioner,,DEM,UNDER VOTES,3
Limestone,0403,Railroad Commissioner,,DEM,UNDER VOTES,0
Limestone,0404,Railroad Commissioner,,DEM,UNDER VOTES,0
Limestone,0405,Railroad Commissioner,,DEM,UNDER VOTES,1
Limestone,0406,Railroad Commissioner,,DEM,UNDER VOTES,2
Limestone,0101,"Justice, Supreme Court, Place 3",,DEM,Mike Westergren,67
Limestone,0102,"Justice, Supreme Court, Place 3",,DEM,Mike Westergren,11
Limestone,0103,"Justice, Supreme Court, Place 3",,DEM,Mike Westergren,22
Limestone,0104,"Justice, Supreme Court, Place 3",,DEM,Mike Westergren,17
Limestone,0201,"Justice, Supreme Court, Place 3",,DEM,Mike Westergren,25
Limestone,0202,"Justice, Supreme Court, Place 3",,DEM,Mike Westergren,65
Limestone,0203,"Justice, Supreme Court, Place 3",,DEM,Mike Westergren,28
Limestone,0204,"Justice, Supreme Court, Place 3",,DEM,Mike Westergren,24
Limestone,0205,"Justice, Supreme Court, Place 3",,DEM,Mike Westergren,30
Limestone,0206,"Justice, Supreme Court, Place 3",,DEM,Mike Westergren,11
Limestone,0301,"Justice, Supreme Court, Place 3",,DEM,Mike Westergren,50
Limestone,0302,"Justice, Supreme Court, Place 3",,DEM,Mike Westergren,20
Limestone,0303,"Justice, Supreme Court, Place 3",,DEM,Mike Westergren,5
Limestone,0304,"Justice, Supreme Court, Place 3",,DEM,Mike Westergren,17
Limestone,0305,"Justice, Supreme Court, Place 3",,DEM,Mike Westergren,14
Limestone,0401,"Justice, Supreme Court, Place 3",,DEM,Mike Westergren,72
Limestone,0402,"Justice, Supreme Court, Place 3",,DEM,Mike Westergren,10
Limestone,0403,"Justice, Supreme Court, Place 3",,DEM,Mike Westergren,6
Limestone,0404,"Justice, Supreme Court, Place 3",,DEM,Mike Westergren,14
Limestone,0405,"Justice, Supreme Court, Place 3",,DEM,Mike Westergren,12
Limestone,0406,"Justice, Supreme Court, Place 3",,DEM,Mike Westergren,4
Limestone,0101,"Justice, Supreme Court, Place 3",,DEM,OVER VOTES,0
Limestone,0102,"Justice, Supreme Court, Place 3",,DEM,OVER VOTES,0
Limestone,0103,"Justice, Supreme Court, Place 3",,DEM,OVER VOTES,0
Limestone,0104,"Justice, Supreme Court, Place 3",,DEM,OVER VOTES,0
Limestone,0201,"Justice, Supreme Court, Place 3",,DEM,OVER VOTES,0
Limestone,0202,"Justice, Supreme Court, Place 3",,DEM,OVER VOTES,0
Limestone,0203,"Justice, Supreme Court, Place 3",,DEM,OVER VOTES,0
Limestone,0204,"Justice, Supreme Court, Place 3",,DEM,OVER VOTES,0
Limestone,0205,"Justice, Supreme Court, Place 3",,DEM,OVER VOTES,0
Limestone,0206,"Justice, Supreme Court, Place 3",,DEM,OVER VOTES,0
Limestone,0301,"Justice, Supreme Court, Place 3",,DEM,OVER VOTES,0
Limestone,0302,"Justice, Supreme Court, Place 3",,DEM,OVER VOTES,0
Limestone,0303,"Justice, Supreme Court, Place 3",,DEM,OVER VOTES,0
Limestone,0304,"Justice, Supreme Court, Place 3",,DEM,OVER VOTES,0
Limestone,0305,"Justice, Supreme Court, Place 3",,DEM,OVER VOTES,0
Limestone,0401,"Justice, Supreme Court, Place 3",,DEM,OVER VOTES,0
Limestone,0402,"Justice, Supreme Court, Place 3",,DEM,OVER VOTES,0
Limestone,0403,"Justice, Supreme Court, Place 3",,DEM,OVER VOTES,0
Limestone,0404,"Justice, Supreme Court, Place 3",,DEM,OVER VOTES,0
Limestone,0405,"Justice, Supreme Court, Place 3",,DEM,OVER VOTES,0
Limestone,0406,"Justice, Supreme Court, Place 3",,DEM,OVER VOTES,0
Limestone,0101,"Justice, Supreme Court, Place 3",,DEM,UNDER VOTES,39
Limestone,0102,"Justice, Supreme Court, Place 3",,DEM,UNDER VOTES,1
Limestone,0103,"Justice, Supreme Court, Place 3",,DEM,UNDER VOTES,16
Limestone,0104,"Justice, Supreme Court, Place 3",,DEM,UNDER VOTES,4
Limestone,0201,"Justice, Supreme Court, Place 3",,DEM,UNDER VOTES,19
Limestone,0202,"Justice, Supreme Court, Place 3",,DEM,UNDER VOTES,24
Limestone,0203,"Justice, Supreme Court, Place 3",,DEM,UNDER VOTES,7
Limestone,0204,"Justice, Supreme Court, Place 3",,DEM,UNDER VOTES,9
Limestone,0205,"Justice, Supreme Court, Place 3",,DEM,UNDER VOTES,5
Limestone,0206,"Justice, Supreme Court, Place 3",,DEM,UNDER VOTES,6
Limestone,0301,"Justice, Supreme Court, Place 3",,DEM,UNDER VOTES,28
Limestone,0302,"Justice, Supreme Court, Place 3",,DEM,UNDER VOTES,5
Limestone,0303,"Justice, Supreme Court, Place 3",,DEM,UNDER VOTES,5
Limestone,0304,"Justice, Supreme Court, Place 3",,DEM,UNDER VOTES,8
Limestone,0305,"Justice, Supreme Court, Place 3",,DEM,UNDER VOTES,5
Limestone,0401,"Justice, Supreme Court, Place 3",,DEM,UNDER VOTES,50
Limestone,0402,"Justice, Supreme Court, Place 3",,DEM,UNDER VOTES,6
Limestone,0403,"Justice, Supreme Court, Place 3",,DEM,UNDER VOTES,0
Limestone,0404,"Justice, Supreme Court, Place 3",,DEM,UNDER VOTES,3
Limestone,0405,"Justice, Supreme Court, Place 3",,DEM,UNDER VOTES,4
Limestone,0406,"Justice, Supreme Court, Place 3",,DEM,UNDER VOTES,2
Limestone,0101,"Justice, Supreme Court, Place 5",,DEM,Dori Contreras Garza,72
Limestone,0102,"Justice, Supreme Court, Place 5",,DEM,Dori Contreras Garza,11
Limestone,0103,"Justice, Supreme Court, Place 5",,DEM,Dori Contreras Garza,23
Limestone,0104,"Justice, Supreme Court, Place 5",,DEM,Dori Contreras Garza,17
Limestone,0201,"Justice, Supreme Court, Place 5",,DEM,Dori Contreras Garza,29
Limestone,0202,"Justice, Supreme Court, Place 5",,DEM,Dori Contreras Garza,64
Limestone,0203,"Justice, Supreme Court, Place 5",,DEM,Dori Contreras Garza,26
Limestone,0204,"Justice, Supreme Court, Place 5",,DEM,Dori Contreras Garza,24
Limestone,0205,"Justice, Supreme Court, Place 5",,DEM,Dori Contreras Garza,29
Limestone,0206,"Justice, Supreme Court, Place 5",,DEM,Dori Contreras Garza,10
Limestone,0301,"Justice, Supreme Court, Place 5",,DEM,Dori Contreras Garza,53
Limestone,0302,"Justice, Supreme Court, Place 5",,DEM,Dori Contreras Garza,20
Limestone,0303,"Justice, Supreme Court, Place 5",,DEM,Dori Contreras Garza,5
Limestone,0304,"Justice, Supreme Court, Place 5",,DEM,Dori Contreras Garza,19
Limestone,0305,"Justice, Supreme Court, Place 5",,DEM,Dori Contreras Garza,16
Limestone,0401,"Justice, Supreme Court, Place 5",,DEM,Dori Contreras Garza,71
Limestone,0402,"Justice, Supreme Court, Place 5",,DEM,Dori Contreras Garza,11
Limestone,0403,"Justice, Supreme Court, Place 5",,DEM,Dori Contreras Garza,6
Limestone,0404,"Justice, Supreme Court, Place 5",,DEM,Dori Contreras Garza,14
Limestone,0405,"Justice, Supreme Court, Place 5",,DEM,Dori Contreras Garza,12
Limestone,0406,"Justice, Supreme Court, Place 5",,DEM,Dori Contreras Garza,4
Limestone,0101,"Justice, Supreme Court, Place 5",,DEM,OVER VOTES,0
Limestone,0102,"Justice, Supreme Court, Place 5",,DEM,OVER VOTES,0
Limestone,0103,"Justice, Supreme Court, Place 5",,DEM,OVER VOTES,0
Limestone,0104,"Justice, Supreme Court, Place 5",,DEM,OVER VOTES,0
Limestone,0201,"Justice, Supreme Court, Place 5",,DEM,OVER VOTES,0
Limestone,0202,"Justice, Supreme Court, Place 5",,DEM,OVER VOTES,0
Limestone,0203,"Justice, Supreme Court, Place 5",,DEM,OVER VOTES,0
Limestone,0204,"Justice, Supreme Court, Place 5",,DEM,OVER VOTES,0
Limestone,0205,"Justice, Supreme Court, Place 5",,DEM,OVER VOTES,0
Limestone,0206,"Justice, Supreme Court, Place 5",,DEM,OVER VOTES,0
Limestone,0301,"Justice, Supreme Court, Place 5",,DEM,OVER VOTES,0
Limestone,0302,"Justice, Supreme Court, Place 5",,DEM,OVER VOTES,0
Limestone,0303,"Justice, Supreme Court, Place 5",,DEM,OVER VOTES,0
Limestone,0304,"Justice, Supreme Court, Place 5",,DEM,OVER VOTES,0
Limestone,0305,"Justice, Supreme Court, Place 5",,DEM,OVER VOTES,0
Limestone,0401,"Justice, Supreme Court, Place 5",,DEM,OVER VOTES,0
Limestone,0402,"Justice, Supreme Court, Place 5",,DEM,OVER VOTES,0
Limestone,0403,"Justice, Supreme Court, Place 5",,DEM,OVER VOTES,0
Limestone,0404,"Justice, Supreme Court, Place 5",,DEM,OVER VOTES,0
Limestone,0405,"Justice, Supreme Court, Place 5",,DEM,OVER VOTES,0
Limestone,0406,"Justice, Supreme Court, Place 5",,DEM,OVER VOTES,0
Limestone,0101,"Justice, Supreme Court, Place 5",,DEM,UNDER VOTES,34
Limestone,0102,"Justice, Supreme Court, Place 5",,DEM,UNDER VOTES,1
Limestone,0103,"Justice, Supreme Court, Place 5",,DEM,UNDER VOTES,15
Limestone,0104,"Justice, Supreme Court, Place 5",,DEM,UNDER VOTES,4
Limestone,0201,"Justice, Supreme Court, Place 5",,DEM,UNDER VOTES,15
Limestone,0202,"Justice, Supreme Court, Place 5",,DEM,UNDER VOTES,25
Limestone,0203,"Justice, Supreme Court, Place 5",,DEM,UNDER VOTES,9
Limestone,0204,"Justice, Supreme Court, Place 5",,DEM,UNDER VOTES,9
Limestone,0205,"Justice, Supreme Court, Place 5",,DEM,UNDER VOTES,6
Limestone,0206,"Justice, Supreme Court, Place 5",,DEM,UNDER VOTES,7
Limestone,0301,"Justice, Supreme Court, Place 5",,DEM,UNDER VOTES,25
Limestone,0302,"Justice, Supreme Court, Place 5",,DEM,UNDER VOTES,5
Limestone,0303,"Justice, Supreme Court, Place 5",,DEM,UNDER VOTES,5
Limestone,0304,"Justice, Supreme Court, Place 5",,DEM,UNDER VOTES,6
Limestone,0305,"Justice, Supreme Court, Place 5",,DEM,UNDER VOTES,3
Limestone,0401,"Justice, Supreme Court, Place 5",,DEM,UNDER VOTES,51
Limestone,0402,"Justice, Supreme Court, Place 5",,DEM,UNDER VOTES,5
Limestone,0403,"Justice, Supreme Court, Place 5",,DEM,UNDER VOTES,0
Limestone,0404,"Justice, Supreme Court, Place 5",,DEM,UNDER VOTES,3
Limestone,0405,"Justice, Supreme Court, Place 5",,DEM,UNDER VOTES,4
Limestone,0406,"Justice, Supreme Court, Place 5",,DEM,UNDER VOTES,2
Limestone,0101,"Justice, Supreme Court, Place 9",,DEM,Savannah Robinson,64
Limestone,0102,"Justice, Supreme Court, Place 9",,DEM,Savannah Robinson,11
Limestone,0103,"Justice, Supreme Court, Place 9",,DEM,Savannah Robinson,21
Limestone,0104,"Justice, Supreme Court, Place 9",,DEM,Savannah Robinson,16
Limestone,0201,"Justice, Supreme Court, Place 9",,DEM,Savannah Robinson,25
Limestone,0202,"Justice, Supreme Court, Place 9",,DEM,Savannah Robinson,62
Limestone,0203,"Justice, Supreme Court, Place 9",,DEM,Savannah Robinson,27
Limestone,0204,"Justice, Supreme Court, Place 9",,DEM,Savannah Robinson,23
Limestone,0205,"Justice, Supreme Court, Place 9",,DEM,Savannah Robinson,29
Limestone,0206,"Justice, Supreme Court, Place 9",,DEM,Savannah Robinson,12
Limestone,0301,"Justice, Supreme Court, Place 9",,DEM,Savannah Robinson,50
Limestone,0302,"Justice, Supreme Court, Place 9",,DEM,Savannah Robinson,19
Limestone,0303,"Justice, Supreme Court, Place 9",,DEM,Savannah Robinson,7
Limestone,0304,"Justice, Supreme Court, Place 9",,DEM,Savannah Robinson,18
Limestone,0305,"Justice, Supreme Court, Place 9",,DEM,Savannah Robinson,14
Limestone,0401,"Justice, Supreme Court, Place 9",,DEM,Savannah Robinson,71
Limestone,0402,"Justice, Supreme Court, Place 9",,DEM,Savannah Robinson,11
Limestone,0403,"Justice, Supreme Court, Place 9",,DEM,Savannah Robinson,6
Limestone,0404,"Justice, Supreme Court, Place 9",,DEM,Savannah Robinson,14
Limestone,0405,"Justice, Supreme Court, Place 9",,DEM,Savannah Robinson,12
Limestone,0406,"Justice, Supreme Court, Place 9",,DEM,Savannah Robinson,4
Limestone,0101,"Justice, Supreme Court, Place 9",,DEM,OVER VOTES,0
Limestone,0102,"Justice, Supreme Court, Place 9",,DEM,OVER VOTES,0
Limestone,0103,"Justice, Supreme Court, Place 9",,DEM,OVER VOTES,0
Limestone,0104,"Justice, Supreme Court, Place 9",,DEM,OVER VOTES,0
Limestone,0201,"Justice, Supreme Court, Place 9",,DEM,OVER VOTES,0
Limestone,0202,"Justice, Supreme Court, Place 9",,DEM,OVER VOTES,0
Limestone,0203,"Justice, Supreme Court, Place 9",,DEM,OVER VOTES,0
Limestone,0204,"Justice, Supreme Court, Place 9",,DEM,OVER VOTES,0
Limestone,0205,"Justice, Supreme Court, Place 9",,DEM,OVER VOTES,0
Limestone,0206,"Justice, Supreme Court, Place 9",,DEM,OVER VOTES,0
Limestone,0301,"Justice, Supreme Court, Place 9",,DEM,OVER VOTES,0
Limestone,0302,"Justice, Supreme Court, Place 9",,DEM,OVER VOTES,0
Limestone,0303,"Justice, Supreme Court, Place 9",,DEM,OVER VOTES,0
Limestone,0304,"Justice, Supreme Court, Place 9",,DEM,OVER VOTES,0
Limestone,0305,"Justice, Supreme Court, Place 9",,DEM,OVER VOTES,0
Limestone,0401,"Justice, Supreme Court, Place 9",,DEM,OVER VOTES,0
Limestone,0402,"Justice, Supreme Court, Place 9",,DEM,OVER VOTES,0
Limestone,0403,"Justice, Supreme Court, Place 9",,DEM,OVER VOTES,0
Limestone,0404,"Justice, Supreme Court, Place 9",,DEM,OVER VOTES,0
Limestone,0405,"Justice, Supreme Court, Place 9",,DEM,OVER VOTES,0
Limestone,0406,"Justice, Supreme Court, Place 9",,DEM,OVER VOTES,0
Limestone,0101,"Justice, Supreme Court, Place 9",,DEM,UNDER VOTES,42
Limestone,0102,"Justice, Supreme Court, Place 9",,DEM,UNDER VOTES,1
Limestone,0103,"Justice, Supreme Court, Place 9",,DEM,UNDER VOTES,17
Limestone,0104,"Justice, Supreme Court, Place 9",,DEM,UNDER VOTES,5
Limestone,0201,"Justice, Supreme Court, Place 9",,DEM,UNDER VOTES,19
Limestone,0202,"Justice, Supreme Court, Place 9",,DEM,UNDER VOTES,27
Limestone,0203,"Justice, Supreme Court, Place 9",,DEM,UNDER VOTES,8
Limestone,0204,"Justice, Supreme Court, Place 9",,DEM,UNDER VOTES,10
Limestone,0205,"Justice, Supreme Court, Place 9",,DEM,UNDER VOTES,6
Limestone,0206,"Justice, Supreme Court, Place 9",,DEM,UNDER VOTES,5
Limestone,0301,"Justice, Supreme Court, Place 9",,DEM,UNDER VOTES,28
Limestone,0302,"Justice, Supreme Court, Place 9",,DEM,UNDER VOTES,6
Limestone,0303,"Justice, Supreme Court, Place 9",,DEM,UNDER VOTES,3
Limestone,0304,"Justice, Supreme Court, Place 9",,DEM,UNDER VOTES,7
Limestone,0305,"Justice, Supreme Court, Place 9",,DEM,UNDER VOTES,5
Limestone,0401,"Justice, Supreme Court, Place 9",,DEM,UNDER VOTES,51
Limestone,0402,"Justice, Supreme Court, Place 9",,DEM,UNDER VOTES,5
Limestone,0403,"Justice, Supreme Court, Place 9",,DEM,UNDER VOTES,0
Limestone,0404,"Justice, Supreme Court, Place 9",,DEM,UNDER VOTES,3
Limestone,0405,"Justice, Supreme Court, Place 9",,DEM,UNDER VOTES,4
Limestone,0406,"Justice, Supreme Court, Place 9",,DEM,UNDER VOTES,2
Limestone,0101,"Judge, Court of Criminal Appeals, Place 2",,DEM,"Lawrence ""Larry"" Meyers",66
Limestone,0102,"Judge, Court of Criminal Appeals, Place 2",,DEM,"Lawrence ""Larry"" Meyers",11
Limestone,0103,"Judge, Court of Criminal Appeals, Place 2",,DEM,"Lawrence ""Larry"" Meyers",23
Limestone,0104,"Judge, Court of Criminal Appeals, Place 2",,DEM,"Lawrence ""Larry"" Meyers",17
Limestone,0201,"Judge, Court of Criminal Appeals, Place 2",,DEM,"Lawrence ""Larry"" Meyers",25
Limestone,0202,"Judge, Court of Criminal Appeals, Place 2",,DEM,"Lawrence ""Larry"" Meyers",63
Limestone,0203,"Judge, Court of Criminal Appeals, Place 2",,DEM,"Lawrence ""Larry"" Meyers",28
Limestone,0204,"Judge, Court of Criminal Appeals, Place 2",,DEM,"Lawrence ""Larry"" Meyers",23
Limestone,0205,"Judge, Court of Criminal Appeals, Place 2",,DEM,"Lawrence ""Larry"" Meyers",29
Limestone,0206,"Judge, Court of Criminal Appeals, Place 2",,DEM,"Lawrence ""Larry"" Meyers",10
Limestone,0301,"Judge, Court of Criminal Appeals, Place 2",,DEM,"Lawrence ""Larry"" Meyers",47
Limestone,0302,"Judge, Court of Criminal Appeals, Place 2",,DEM,"Lawrence ""Larry"" Meyers",18
Limestone,0303,"Judge, Court of Criminal Appeals, Place 2",,DEM,"Lawrence ""Larry"" Meyers",6
Limestone,0304,"Judge, Court of Criminal Appeals, Place 2",,DEM,"Lawrence ""Larry"" Meyers",15
Limestone,0305,"Judge, Court of Criminal Appeals, Place 2",,DEM,"Lawrence ""Larry"" Meyers",14
Limestone,0401,"Judge, Court of Criminal Appeals, Place 2",,DEM,"Lawrence ""Larry"" Meyers",70
Limestone,0402,"Judge, Court of Criminal Appeals, Place 2",,DEM,"Lawrence ""Larry"" Meyers",9
Limestone,0403,"Judge, Court of Criminal Appeals, Place 2",,DEM,"Lawrence ""Larry"" Meyers",5
Limestone,0404,"Judge, Court of Criminal Appeals, Place 2",,DEM,"Lawrence ""Larry"" Meyers",13
Limestone,0405,"Judge, Court of Criminal Appeals, Place 2",,DEM,"Lawrence ""Larry"" Meyers",12
Limestone,0406,"Judge, Court of Criminal Appeals, Place 2",,DEM,"Lawrence ""Larry"" Meyers",5
Limestone,0101,"Judge, Court of Criminal Appeals, Place 2",,DEM,OVER VOTES,0
Limestone,0102,"Judge, Court of Criminal Appeals, Place 2",,DEM,OVER VOTES,0
Limestone,0103,"Judge, Court of Criminal Appeals, Place 2",,DEM,OVER VOTES,0
Limestone,0104,"Judge, Court of Criminal Appeals, Place 2",,DEM,OVER VOTES,0
Limestone,0201,"Judge, Court of Criminal Appeals, Place 2",,DEM,OVER VOTES,0
Limestone,0202,"Judge, Court of Criminal Appeals, Place 2",,DEM,OVER VOTES,0
Limestone,0203,"Judge, Court of Criminal Appeals, Place 2",,DEM,OVER VOTES,0
Limestone,0204,"Judge, Court of Criminal Appeals, Place 2",,DEM,OVER VOTES,0
Limestone,0205,"Judge, Court of Criminal Appeals, Place 2",,DEM,OVER VOTES,0
Limestone,0206,"Judge, Court of Criminal Appeals, Place 2",,DEM,OVER VOTES,0
Limestone,0301,"Judge, Court of Criminal Appeals, Place 2",,DEM,OVER VOTES,0
Limestone,0302,"Judge, Court of Criminal Appeals, Place 2",,DEM,OVER VOTES,0
Limestone,0303,"Judge, Court of Criminal Appeals, Place 2",,DEM,OVER VOTES,0
Limestone,0304,"Judge, Court of Criminal Appeals, Place 2",,DEM,OVER VOTES,0
Limestone,0305,"Judge, Court of Criminal Appeals, Place 2",,DEM,OVER VOTES,0
Limestone,0401,"Judge, Court of Criminal Appeals, Place 2",,DEM,OVER VOTES,0
Limestone,0402,"Judge, Court of Criminal Appeals, Place 2",,DEM,OVER VOTES,0
Limestone,0403,"Judge, Court of Criminal Appeals, Place 2",,DEM,OVER VOTES,0
Limestone,0404,"Judge, Court of Criminal Appeals, Place 2",,DEM,OVER VOTES,0
Limestone,0405,"Judge, Court of Criminal Appeals, Place 2",,DEM,OVER VOTES,0
Limestone,0406,"Judge, Court of Criminal Appeals, Place 2",,DEM,OVER VOTES,0
Limestone,0101,"Judge, Court of Criminal Appeals, Place 2",,DEM,UNDER VOTES,40
Limestone,0102,"Judge, Court of Criminal Appeals, Place 2",,DEM,UNDER VOTES,1
Limestone,0103,"Judge, Court of Criminal Appeals, Place 2",,DEM,UNDER VOTES,15
Limestone,0104,"Judge, Court of Criminal Appeals, Place 2",,DEM,UNDER VOTES,4
Limestone,0201,"Judge, Court of Criminal Appeals, Place 2",,DEM,UNDER VOTES,19
Limestone,0202,"Judge, Court of Criminal Appeals, Place 2",,DEM,UNDER VOTES,26
Limestone,0203,"Judge, Court of Criminal Appeals, Place 2",,DEM,UNDER VOTES,7
Limestone,0204,"Judge, Court of Criminal Appeals, Place 2",,DEM,UNDER VOTES,10
Limestone,0205,"Judge, Court of Criminal Appeals, Place 2",,DEM,UNDER VOTES,6
Limestone,0206,"Judge, Court of Criminal Appeals, Place 2",,DEM,UNDER VOTES,7
Limestone,0301,"Judge, Court of Criminal Appeals, Place 2",,DEM,UNDER VOTES,31
Limestone,0302,"Judge, Court of Criminal Appeals, Place 2",,DEM,UNDER VOTES,7
Limestone,0303,"Judge, Court of Criminal Appeals, Place 2",,DEM,UNDER VOTES,4
Limestone,0304,"Judge, Court of Criminal Appeals, Place 2",,DEM,UNDER VOTES,10
Limestone,0305,"Judge, Court of Criminal Appeals, Place 2",,DEM,UNDER VOTES,5
Limestone,0401,"Judge, Court of Criminal Appeals, Place 2",,DEM,UNDER VOTES,52
Limestone,0402,"Judge, Court of Criminal Appeals, Place 2",,DEM,UNDER VOTES,7
Limestone,0403,"Judge, Court of Criminal Appeals, Place 2",,DEM,UNDER VOTES,1
Limestone,0404,"Judge, Court of Criminal Appeals, Place 2",,DEM,UNDER VOTES,4
Limestone,0405,"Judge, Court of Criminal Appeals, Place 2",,DEM,UNDER VOTES,4
Limestone,0406,"Judge, Court of Criminal Appeals, Place 2",,DEM,UNDER VOTES,1
Limestone,0101,"Judge, Court of Criminal Appeals, Place 5",,DEM,Betsy Johnson,67
Limestone,0102,"Judge, Court of Criminal Appeals, Place 5",,DEM,Betsy Johnson,11
Limestone,0103,"Judge, Court of Criminal Appeals, Place 5",,DEM,Betsy Johnson,22
Limestone,0104,"Judge, Court of Criminal Appeals, Place 5",,DEM,Betsy Johnson,16
Limestone,0201,"Judge, Court of Criminal Appeals, Place 5",,DEM,Betsy Johnson,30
Limestone,0202,"Judge, Court of Criminal Appeals, Place 5",,DEM,Betsy Johnson,64
Limestone,0203,"Judge, Court of Criminal Appeals, Place 5",,DEM,Betsy Johnson,27
Limestone,0204,"Judge, Court of Criminal Appeals, Place 5",,DEM,Betsy Johnson,23
Limestone,0205,"Judge, Court of Criminal Appeals, Place 5",,DEM,Betsy Johnson,31
Limestone,0206,"Judge, Court of Criminal Appeals, Place 5",,DEM,Betsy Johnson,13
Limestone,0301,"Judge, Court of Criminal Appeals, Place 5",,DEM,Betsy Johnson,51
Limestone,0302,"Judge, Court of Criminal Appeals, Place 5",,DEM,Betsy Johnson,17
Limestone,0303,"Judge, Court of Criminal Appeals, Place 5",,DEM,Betsy Johnson,6
Limestone,0304,"Judge, Court of Criminal Appeals, Place 5",,DEM,Betsy Johnson,19
Limestone,0305,"Judge, Court of Criminal Appeals, Place 5",,DEM,Betsy Johnson,14
Limestone,0401,"Judge, Court of Criminal Appeals, Place 5",,DEM,Betsy Johnson,76
Limestone,0402,"Judge, Court of Criminal Appeals, Place 5",,DEM,Betsy Johnson,10
Limestone,0403,"Judge, Court of Criminal Appeals, Place 5",,DEM,Betsy Johnson,6
Limestone,0404,"Judge, Court of Criminal Appeals, Place 5",,DEM,Betsy Johnson,14
Limestone,0405,"Judge, Court of Criminal Appeals, Place 5",,DEM,Betsy Johnson,11
Limestone,0406,"Judge, Court of Criminal Appeals, Place 5",,DEM,Betsy Johnson,5
Limestone,0101,"Judge, Court of Criminal Appeals, Place 5",,DEM,OVER VOTES,0
Limestone,0102,"Judge, Court of Criminal Appeals, Place 5",,DEM,OVER VOTES,0
Limestone,0103,"Judge, Court of Criminal Appeals, Place 5",,DEM,OVER VOTES,0
Limestone,0104,"Judge, Court of Criminal Appeals, Place 5",,DEM,OVER VOTES,0
Limestone,0201,"Judge, Court of Criminal Appeals, Place 5",,DEM,OVER VOTES,0
Limestone,0202,"Judge, Court of Criminal Appeals, Place 5",,DEM,OVER VOTES,0
Limestone,0203,"Judge, Court of Criminal Appeals, Place 5",,DEM,OVER VOTES,0
Limestone,0204,"Judge, Court of Criminal Appeals, Place 5",,DEM,OVER VOTES,0
Limestone,0205,"Judge, Court of Criminal Appeals, Place 5",,DEM,OVER VOTES,0
Limestone,0206,"Judge, Court of Criminal Appeals, Place 5",,DEM,OVER VOTES,0
Limestone,0301,"Judge, Court of Criminal Appeals, Place 5",,DEM,OVER VOTES,0
Limestone,0302,"Judge, Court of Criminal Appeals, Place 5",,DEM,OVER VOTES,0
Limestone,0303,"Judge, Court of Criminal Appeals, Place 5",,DEM,OVER VOTES,0
Limestone,0304,"Judge, Court of Criminal Appeals, Place 5",,DEM,OVER VOTES,0
Limestone,0305,"Judge, Court of Criminal Appeals, Place 5",,DEM,OVER VOTES,0
Limestone,0401,"Judge, Court of Criminal Appeals, Place 5",,DEM,OVER VOTES,0
Limestone,0402,"Judge, Court of Criminal Appeals, Place 5",,DEM,OVER VOTES,0
Limestone,0403,"Judge, Court of Criminal Appeals, Place 5",,DEM,OVER VOTES,0
Limestone,0404,"Judge, Court of Criminal Appeals, Place 5",,DEM,OVER VOTES,0
Limestone,0405,"Judge, Court of Criminal Appeals, Place 5",,DEM,OVER VOTES,0
Limestone,0406,"Judge, Court of Criminal Appeals, Place 5",,DEM,OVER VOTES,0
Limestone,0101,"Judge, Court of Criminal Appeals, Place 5",,DEM,UNDER VOTES,39
Limestone,0102,"Judge, Court of Criminal Appeals, Place 5",,DEM,UNDER VOTES,1
Limestone,0103,"Judge, Court of Criminal Appeals, Place 5",,DEM,UNDER VOTES,16
Limestone,0104,"Judge, Court of Criminal Appeals, Place 5",,DEM,UNDER VOTES,5
Limestone,0201,"Judge, Court of Criminal Appeals, Place 5",,DEM,UNDER VOTES,14
Limestone,0202,"Judge, Court of Criminal Appeals, Place 5",,DEM,UNDER VOTES,25
Limestone,0203,"Judge, Court of Criminal Appeals, Place 5",,DEM,UNDER VOTES,8
Limestone,0204,"Judge, Court of Criminal Appeals, Place 5",,DEM,UNDER VOTES,10
Limestone,0205,"Judge, Court of Criminal Appeals, Place 5",,DEM,UNDER VOTES,4
Limestone,0206,"Judge, Court of Criminal Appeals, Place 5",,DEM,UNDER VOTES,4
Limestone,0301,"Judge, Court of Criminal Appeals, Place 5",,DEM,UNDER VOTES,27
Limestone,0302,"Judge, Court of Criminal Appeals, Place 5",,DEM,UNDER VOTES,8
Limestone,0303,"Judge, Court of Criminal Appeals, Place 5",,DEM,UNDER VOTES,4
Limestone,0304,"Judge, Court of Criminal Appeals, Place 5",,DEM,UNDER VOTES,6
Limestone,0305,"Judge, Court of Criminal Appeals, Place 5",,DEM,UNDER VOTES,5
Limestone,0401,"Judge, Court of Criminal Appeals, Place 5",,DEM,UNDER VOTES,46
Limestone,0402,"Judge, Court of Criminal Appeals, Place 5",,DEM,UNDER VOTES,6
Limestone,0403,"Judge, Court of Criminal Appeals, Place 5",,DEM,UNDER VOTES,0
Limestone,0404,"Judge, Court of Criminal Appeals, Place 5",,DEM,UNDER VOTES,3
Limestone,0405,"Judge, Court of Criminal Appeals, Place 5",,DEM,UNDER VOTES,5
Limestone,0406,"Judge, Court of Criminal Appeals, Place 5",,DEM,UNDER VOTES,1
Limestone,0101,"Judge, Court of Criminal Appeals, Place 6",,DEM,Robert Burns,68
Limestone,0102,"Judge, Court of Criminal Appeals, Place 6",,DEM,Robert Burns,10
Limestone,0103,"Judge, Court of Criminal Appeals, Place 6",,DEM,Robert Burns,18
Limestone,0104,"Judge, Court of Criminal Appeals, Place 6",,DEM,Robert Burns,17
Limestone,0201,"Judge, Court of Criminal Appeals, Place 6",,DEM,Robert Burns,25
Limestone,0202,"Judge, Court of Criminal Appeals, Place 6",,DEM,Robert Burns,68
Limestone,0203,"Judge, Court of Criminal Appeals, Place 6",,DEM,Robert Burns,23
Limestone,0204,"Judge, Court of Criminal Appeals, Place 6",,DEM,Robert Burns,21
Limestone,0205,"Judge, Court of Criminal Appeals, Place 6",,DEM,Robert Burns,27
Limestone,0206,"Judge, Court of Criminal Appeals, Place 6",,DEM,Robert Burns,10
Limestone,0301,"Judge, Court of Criminal Appeals, Place 6",,DEM,Robert Burns,48
Limestone,0302,"Judge, Court of Criminal Appeals, Place 6",,DEM,Robert Burns,18
Limestone,0303,"Judge, Court of Criminal Appeals, Place 6",,DEM,Robert Burns,5
Limestone,0304,"Judge, Court of Criminal Appeals, Place 6",,DEM,Robert Burns,17
Limestone,0305,"Judge, Court of Criminal Appeals, Place 6",,DEM,Robert Burns,14
Limestone,0401,"Judge, Court of Criminal Appeals, Place 6",,DEM,Robert Burns,68
Limestone,0402,"Judge, Court of Criminal Appeals, Place 6",,DEM,Robert Burns,13
Limestone,0403,"Judge, Court of Criminal Appeals, Place 6",,DEM,Robert Burns,6
Limestone,0404,"Judge, Court of Criminal Appeals, Place 6",,DEM,Robert Burns,12
Limestone,0405,"Judge, Court of Criminal Appeals, Place 6",,DEM,Robert Burns,11
Limestone,0406,"Judge, Court of Criminal Appeals, Place 6",,DEM,Robert Burns,4
Limestone,0101,"Judge, Court of Criminal Appeals, Place 6",,DEM,OVER VOTES,0
Limestone,0102,"Judge, Court of Criminal Appeals, Place 6",,DEM,OVER VOTES,0
Limestone,0103,"Judge, Court of Criminal Appeals, Place 6",,DEM,OVER VOTES,0
Limestone,0104,"Judge, Court of Criminal Appeals, Place 6",,DEM,OVER VOTES,0
Limestone,0201,"Judge, Court of Criminal Appeals, Place 6",,DEM,OVER VOTES,0
Limestone,0202,"Judge, Court of Criminal Appeals, Place 6",,DEM,OVER VOTES,0
Limestone,0203,"Judge, Court of Criminal Appeals, Place 6",,DEM,OVER VOTES,0
Limestone,0204,"Judge, Court of Criminal Appeals, Place 6",,DEM,OVER VOTES,0
Limestone,0205,"Judge, Court of Criminal Appeals, Place 6",,DEM,OVER VOTES,0
Limestone,0206,"Judge, Court of Criminal Appeals, Place 6",,DEM,OVER VOTES,0
Limestone,0301,"Judge, Court of Criminal Appeals, Place 6",,DEM,OVER VOTES,0
Limestone,0302,"Judge, Court of Criminal Appeals, Place 6",,DEM,OVER VOTES,0
Limestone,0303,"Judge, Court of Criminal Appeals, Place 6",,DEM,OVER VOTES,0
Limestone,0304,"Judge, Court of Criminal Appeals, Place 6",,DEM,OVER VOTES,0
Limestone,0305,"Judge, Court of Criminal Appeals, Place 6",,DEM,OVER VOTES,0
Limestone,0401,"Judge, Court of Criminal Appeals, Place 6",,DEM,OVER VOTES,0
Limestone,0402,"Judge, Court of Criminal Appeals, Place 6",,DEM,OVER VOTES,0
Limestone,0403,"Judge, Court of Criminal Appeals, Place 6",,DEM,OVER VOTES,0
Limestone,0404,"Judge, Court of Criminal Appeals, Place 6",,DEM,OVER VOTES,0
Limestone,0405,"Judge, Court of Criminal Appeals, Place 6",,DEM,OVER VOTES,0
Limestone,0406,"Judge, Court of Criminal Appeals, Place 6",,DEM,OVER VOTES,0
Limestone,0101,"Judge, Court of Criminal Appeals, Place 6",,DEM,UNDER VOTES,38
Limestone,0102,"Judge, Court of Criminal Appeals, Place 6",,DEM,UNDER VOTES,2
Limestone,0103,"Judge, Court of Criminal Appeals, Place 6",,DEM,UNDER VOTES,20
Limestone,0104,"Judge, Court of Criminal Appeals, Place 6",,DEM,UNDER VOTES,4
Limestone,0201,"Judge, Court of Criminal Appeals, Place 6",,DEM,UNDER VOTES,19
Limestone,0202,"Judge, Court of Criminal Appeals, Place 6",,DEM,UNDER VOTES,21
Limestone,0203,"Judge, Court of Criminal Appeals, Place 6",,DEM,UNDER VOTES,12
Limestone,0204,"Judge, Court of Criminal Appeals, Place 6",,DEM,UNDER VOTES,12
Limestone,0205,"Judge, Court of Criminal Appeals, Place 6",,DEM,UNDER VOTES,8
Limestone,0206,"Judge, Court of Criminal Appeals, Place 6",,DEM,UNDER VOTES,7
Limestone,0301,"Judge, Court of Criminal Appeals, Place 6",,DEM,UNDER VOTES,30
Limestone,0302,"Judge, Court of Criminal Appeals, Place 6",,DEM,UNDER VOTES,7
Limestone,0303,"Judge, Court of Criminal Appeals, Place 6",,DEM,UNDER VOTES,5
Limestone,0304,"Judge, Court of Criminal Appeals, Place 6",,DEM,UNDER VOTES,8
Limestone,0305,"Judge, Court of Criminal Appeals, Place 6",,DEM,UNDER VOTES,5
Limestone,0401,"Judge, Court of Criminal Appeals, Place 6",,DEM,UNDER VOTES,54
Limestone,0402,"Judge, Court of Criminal Appeals, Place 6",,DEM,UNDER VOTES,3
Limestone,0403,"Judge, Court of Criminal Appeals, Place 6",,DEM,UNDER VOTES,0
Limestone,0404,"Judge, Court of Criminal Appeals, Place 6",,DEM,UNDER VOTES,5
Limestone,0405,"Judge, Court of Criminal Appeals, Place 6",,DEM,UNDER VOTES,5
Limestone,0406,"Judge, Court of Criminal Appeals, Place 6",,DEM,UNDER VOTES,2
Limestone,0101,"Member, State Board of Education, District 10",,DEM,Judy Jennings,70
Limestone,0102,"Member, State Board of Education, District 10",,DEM,Judy Jennings,10
Limestone,0103,"Member, State Board of Education, District 10",,DEM,Judy Jennings,21
Limestone,0104,"Member, State Board of Education, District 10",,DEM,Judy Jennings,17
Limestone,0201,"Member, State Board of Education, District 10",,DEM,Judy Jennings,28
Limestone,0202,"Member, State Board of Education, District 10",,DEM,Judy Jennings,67
Limestone,0203,"Member, State Board of Education, District 10",,DEM,Judy Jennings,28
Limestone,0204,"Member, State Board of Education, District 10",,DEM,Judy Jennings,23
Limestone,0205,"Member, State Board of Education, District 10",,DEM,Judy Jennings,31
Limestone,0206,"Member, State Board of Education, District 10",,DEM,Judy Jennings,11
Limestone,0301,"Member, State Board of Education, District 10",,DEM,Judy Jennings,51
Limestone,0302,"Member, State Board of Education, District 10",,DEM,Judy Jennings,21
Limestone,0303,"Member, State Board of Education, District 10",,DEM,Judy Jennings,8
Limestone,0304,"Member, State Board of Education, District 10",,DEM,Judy Jennings,19
Limestone,0305,"Member, State Board of Education, District 10",,DEM,Judy Jennings,14
Limestone,0401,"Member, State Board of Education, District 10",,DEM,Judy Jennings,73
Limestone,0402,"Member, State Board of Education, District 10",,DEM,Judy Jennings,13
Limestone,0403,"Member, State Board of Education, District 10",,DEM,Judy Jennings,6
Limestone,0404,"Member, State Board of Education, District 10",,DEM,Judy Jennings,13
Limestone,0405,"Member, State Board of Education, District 10",,DEM,Judy Jennings,12
Limestone,0406,"Member, State Board of Education, District 10",,DEM,Judy Jennings,4
Limestone,0101,"Member, State Board of Education, District 10",,DEM,OVER VOTES,0
Limestone,0102,"Member, State Board of Education, District 10",,DEM,OVER VOTES,0
Limestone,0103,"Member, State Board of Education, District 10",,DEM,OVER VOTES,0
Limestone,0104,"Member, State Board of Education, District 10",,DEM,OVER VOTES,0
Limestone,0201,"Member, State Board of Education, District 10",,DEM,OVER VOTES,0
Limestone,0202,"Member, State Board of Education, District 10",,DEM,OVER VOTES,0
Limestone,0203,"Member, State Board of Education, District 10",,DEM,OVER VOTES,0
Limestone,0204,"Member, State Board of Education, District 10",,DEM,OVER VOTES,0
Limestone,0205,"Member, State Board of Education, District 10",,DEM,OVER VOTES,0
Limestone,0206,"Member, State Board of Education, District 10",,DEM,OVER VOTES,0
Limestone,0301,"Member, State Board of Education, District 10",,DEM,OVER VOTES,0
Limestone,0302,"Member, State Board of Education, District 10",,DEM,OVER VOTES,0
Limestone,0303,"Member, State Board of Education, District 10",,DEM,OVER VOTES,0
Limestone,0304,"Member, State Board of Education, District 10",,DEM,OVER VOTES,0
Limestone,0305,"Member, State Board of Education, District 10",,DEM,OVER VOTES,0
Limestone,0401,"Member, State Board of Education, District 10",,DEM,OVER VOTES,0
Limestone,0402,"Member, State Board of Education, District 10",,DEM,OVER VOTES,0
Limestone,0403,"Member, State Board of Education, District 10",,DEM,OVER VOTES,0
Limestone,0404,"Member, State Board of Education, District 10",,DEM,OVER VOTES,0
Limestone,0405,"Member, State Board of Education, District 10",,DEM,OVER VOTES,0
Limestone,0406,"Member, State Board of Education, District 10",,DEM,OVER VOTES,0
Limestone,0101,"Member, State Board of Education, District 10",,DEM,UNDER VOTES,36
Limestone,0102,"Member, State Board of Education, District 10",,DEM,UNDER VOTES,2
Limestone,0103,"Member, State Board of Education, District 10",,DEM,UNDER VOTES,17
Limestone,0104,"Member, State Board of Education, District 10",,DEM,UNDER VOTES,4
Limestone,0201,"Member, State Board of Education, District 10",,DEM,UNDER VOTES,16
Limestone,0202,"Member, State Board of Education, District 10",,DEM,UNDER VOTES,22
Limestone,0203,"Member, State Board of Education, District 10",,DEM,UNDER VOTES,7
Limestone,0204,"Member, State Board of Education, District 10",,DEM,UNDER VOTES,10
Limestone,0205,"Member, State Board of Education, District 10",,DEM,UNDER VOTES,4
Limestone,0206,"Member, State Board of Education, District 10",,DEM,UNDER VOTES,6
Limestone,0301,"Member, State Board of Education, District 10",,DEM,UNDER VOTES,27
Limestone,0302,"Member, State Board of Education, District 10",,DEM,UNDER VOTES,4
Limestone,0303,"Member, State Board of Education, District 10",,DEM,UNDER VOTES,2
Limestone,0304,"Member, State Board of Education, District 10",,DEM,UNDER VOTES,6
Limestone,0305,"Member, State Board of Education, District 10",,DEM,UNDER VOTES,5
Limestone,0401,"Member, State Board of Education, District 10",,DEM,UNDER VOTES,49
Limestone,0402,"Member, State Board of Education, District 10",,DEM,UNDER VOTES,3
Limestone,0403,"Member, State Board of Education, District 10",,DEM,UNDER VOTES,0
Limestone,0404,"Member, State Board of Education, District 10",,DEM,UNDER VOTES,4
Limestone,0405,"Member, State Board of Education, District 10",,DEM,UNDER VOTES,4
Limestone,0406,"Member, State Board of Education, District 10",,DEM,UNDER VOTES,2
Limestone,0101,Proposition 1,,REP,Yes,343
Limestone,0102,Proposition 1,,REP,Yes,156
Limestone,0103,Proposition 1,,REP,Yes,166
Limestone,0104,Proposition 1,,REP,Yes,187
Limestone,0201,Proposition 1,,REP,Yes,65
Limestone,0202,Proposition 1,,REP,Yes,22
Limestone,0203,Proposition 1,,REP,Yes,17
Limestone,0204,Proposition 1,,REP,Yes,107
Limestone,0205,Proposition 1,,REP,Yes,66
Limestone,0206,Proposition 1,,REP,Yes,80
Limestone,0301,Proposition 1,,REP,Yes,289
Limestone,0302,Proposition 1,,REP,Yes,132
Limestone,0303,Proposition 1,,REP,Yes,42
Limestone,0304,Proposition 1,,REP,Yes,211
Limestone,0305,Proposition 1,,REP,Yes,85
Limestone,0401,Proposition 1,,REP,Yes,227
Limestone,0402,Proposition 1,,REP,Yes,106
Limestone,0403,Proposition 1,,REP,Yes,77
Limestone,0404,Proposition 1,,REP,Yes,109
Limestone,0405,Proposition 1,,REP,Yes,95
Limestone,0406,Proposition 1,,REP,Yes,59
Limestone,0101,Proposition 1,,REP,No,104
Limestone,0102,Proposition 1,,REP,No,60
Limestone,0103,Proposition 1,,REP,No,52
Limestone,0104,Proposition 1,,REP,No,61
Limestone,0201,Proposition 1,,REP,No,36
Limestone,0202,Proposition 1,,REP,No,1
Limestone,0203,Proposition 1,,REP,No,7
Limestone,0204,Proposition 1,,REP,No,29
Limestone,0205,Proposition 1,,REP,No,41
Limestone,0206,Proposition 1,,REP,No,30
Limestone,0301,Proposition 1,,REP,No,107
Limestone,0302,Proposition 1,,REP,No,37
Limestone,0303,Proposition 1,,REP,No,15
Limestone,0304,Proposition 1,,REP,No,66
Limestone,0305,Proposition 1,,REP,No,38
Limestone,0401,Proposition 1,,REP,No,64
Limestone,0402,Proposition 1,,REP,No,45
Limestone,0403,Proposition 1,,REP,No,24
Limestone,0404,Proposition 1,,REP,No,35
Limestone,0405,Proposition 1,,REP,No,23
Limestone,0406,Proposition 1,,REP,No,14
Limestone,0101,Proposition 1,,REP,OVER VOTES,0
Limestone,0102,Proposition 1,,REP,OVER VOTES,0
Limestone,0103,Proposition 1,,REP,OVER VOTES,0
Limestone,0104,Proposition 1,,REP,OVER VOTES,0
Limestone,0201,Proposition 1,,REP,OVER VOTES,0
Limestone,0202,Proposition 1,,REP,OVER VOTES,0
Limestone,0203,Proposition 1,,REP,OVER VOTES,0
Limestone,0204,Proposition 1,,REP,OVER VOTES,0
Limestone,0205,Proposition 1,,REP,OVER VOTES,0
Limestone,0206,Proposition 1,,REP,OVER VOTES,0
Limestone,0301,Proposition 1,,REP,OVER VOTES,0
Limestone,0302,Proposition 1,,REP,OVER VOTES,0
Limestone,0303,Proposition 1,,REP,OVER VOTES,0
Limestone,0304,Proposition 1,,REP,OVER VOTES,0
Limestone,0305,Proposition 1,,REP,OVER VOTES,0
Limestone,0401,Proposition 1,,REP,OVER VOTES,0
Limestone,0402,Proposition 1,,REP,OVER VOTES,0
Limestone,0403,Proposition 1,,REP,OVER VOTES,0
Limestone,0404,Proposition 1,,REP,OVER VOTES,0
Limestone,0405,Proposition 1,,REP,OVER VOTES,0
Limestone,0406,Proposition 1,,REP,OVER VOTES,0
Limestone,0101,Proposition 1,,REP,UNDER VOTES,33
Limestone,0102,Proposition 1,,REP,UNDER VOTES,11
Limestone,0103,Proposition 1,,REP,UNDER VOTES,18
Limestone,0104,Proposition 1,,REP,UNDER VOTES,10
Limestone,0201,Proposition 1,,REP,UNDER VOTES,8
Limestone,0202,Proposition 1,,REP,UNDER VOTES,1
Limestone,0203,Proposition 1,,REP,UNDER VOTES,3
Limestone,0204,Proposition 1,,REP,UNDER VOTES,13
Limestone,0205,Proposition 1,,REP,UNDER VOTES,8
Limestone,0206,Proposition 1,,REP,UNDER VOTES,10
Limestone,0301,Proposition 1,,REP,UNDER VOTES,34
Limestone,0302,Proposition 1,,REP,UNDER VOTES,15
Limestone,0303,Proposition 1,,REP,UNDER VOTES,3
Limestone,0304,Proposition 1,,REP,UNDER VOTES,36
Limestone,0305,Proposition 1,,REP,UNDER VOTES,5
Limestone,0401,Proposition 1,,REP,UNDER VOTES,20
Limestone,0402,Proposition 1,,REP,UNDER VOTES,11
Limestone,0403,Proposition 1,,REP,UNDER VOTES,8
Limestone,0404,Proposition 1,,REP,UNDER VOTES,12
Limestone,0405,Proposition 1,,REP,UNDER VOTES,7
Limestone,0406,Proposition 1,,REP,UNDER VOTES,6
Limestone,0101,Proposition 2,,REP,Yes,273
Limestone,0102,Proposition 2,,REP,Yes,134
Limestone,0103,Proposition 2,,REP,Yes,147
Limestone,0104,Proposition 2,,REP,Yes,155
Limestone,0201,Proposition 2,,REP,Yes,67
Limestone,0202,Proposition 2,,REP,Yes,16
Limestone,0203,Proposition 2,,REP,Yes,14
Limestone,0204,Proposition 2,,REP,Yes,87
Limestone,0205,Proposition 2,,REP,Yes,64
Limestone,0206,Proposition 2,,REP,Yes,61
Limestone,0301,Proposition 2,,REP,Yes,243
Limestone,0302,Proposition 2,,REP,Yes,96
Limestone,0303,Proposition 2,,REP,Yes,37
Limestone,0304,Proposition 2,,REP,Yes,176
Limestone,0305,Proposition 2,,REP,Yes,60
Limestone,0401,Proposition 2,,REP,Yes,172
Limestone,0402,Proposition 2,,REP,Yes,83
Limestone,0403,Proposition 2,,REP,Yes,60
Limestone,0404,Proposition 2,,REP,Yes,95
Limestone,0405,Proposition 2,,REP,Yes,75
Limestone,0406,Proposition 2,,REP,Yes,51
Limestone,0101,Proposition 2,,REP,No,177
Limestone,0102,Proposition 2,,REP,No,84
Limestone,0103,Proposition 2,,REP,No,71
Limestone,0104,Proposition 2,,REP,No,92
Limestone,0201,Proposition 2,,REP,No,36
Limestone,0202,Proposition 2,,REP,No,7
Limestone,0203,Proposition 2,,REP,No,12
Limestone,0204,Proposition 2,,REP,No,55
Limestone,0205,Proposition 2,,REP,No,46
Limestone,0206,Proposition 2,,REP,No,50
Limestone,0301,Proposition 2,,REP,No,157
Limestone,0302,Proposition 2,,REP,No,72
Limestone,0303,Proposition 2,,REP,No,22
Limestone,0304,Proposition 2,,REP,No,105
Limestone,0305,Proposition 2,,REP,No,62
Limestone,0401,Proposition 2,,REP,No,125
Limestone,0402,Proposition 2,,REP,No,69
Limestone,0403,Proposition 2,,REP,No,40
Limestone,0404,Proposition 2,,REP,No,51
Limestone,0405,Proposition 2,,REP,No,44
Limestone,0406,Proposition 2,,REP,No,22
Limestone,0101,Proposition 2,,REP,OVER VOTES,0
Limestone,0102,Proposition 2,,REP,OVER VOTES,0
Limestone,0103,Proposition 2,,REP,OVER VOTES,0
Limestone,0104,Proposition 2,,REP,OVER VOTES,0
Limestone,0201,Proposition 2,,REP,OVER VOTES,0
Limestone,0202,Proposition 2,,REP,OVER VOTES,0
Limestone,0203,Proposition 2,,REP,OVER VOTES,0
Limestone,0204,Proposition 2,,REP,OVER VOTES,0
Limestone,0205,Proposition 2,,REP,OVER VOTES,0
Limestone,0206,Proposition 2,,REP,OVER VOTES,0
Limestone,0301,Proposition 2,,REP,OVER VOTES,0
Limestone,0302,Proposition 2,,REP,OVER VOTES,0
Limestone,0303,Proposition 2,,REP,OVER VOTES,0
Limestone,0304,Proposition 2,,REP,OVER VOTES,0
Limestone,0305,Proposition 2,,REP,OVER VOTES,0
Limestone,0401,Proposition 2,,REP,OVER VOTES,0
Limestone,0402,Proposition 2,,REP,OVER VOTES,0
Limestone,0403,Proposition 2,,REP,OVER VOTES,0
Limestone,0404,Proposition 2,,REP,OVER VOTES,0
Limestone,0405,Proposition 2,,REP,OVER VOTES,0
Limestone,0406,Proposition 2,,REP,OVER VOTES,0
Limestone,0101,Proposition 2,,REP,UNDER VOTES,30
Limestone,0102,Proposition 2,,REP,UNDER VOTES,9
Limestone,0103,Proposition 2,,REP,UNDER VOTES,18
Limestone,0104,Proposition 2,,REP,UNDER VOTES,11
Limestone,0201,Proposition 2,,REP,UNDER VOTES,6
Limestone,0202,Proposition 2,,REP,UNDER VOTES,1
Limestone,0203,Proposition 2,,REP,UNDER VOTES,1
Limestone,0204,Proposition 2,,REP,UNDER VOTES,7
Limestone,0205,Proposition 2,,REP,UNDER VOTES,5
Limestone,0206,Proposition 2,,REP,UNDER VOTES,9
Limestone,0301,Proposition 2,,REP,UNDER VOTES,30
Limestone,0302,Proposition 2,,REP,UNDER VOTES,16
Limestone,0303,Proposition 2,,REP,UNDER VOTES,1
Limestone,0304,Proposition 2,,REP,UNDER VOTES,32
Limestone,0305,Proposition 2,,REP,UNDER VOTES,6
Limestone,0401,Proposition 2,,REP,UNDER VOTES,14
Limestone,0402,Proposition 2,,REP,UNDER VOTES,10
Limestone,0403,Proposition 2,,REP,UNDER VOTES,9
Limestone,0404,Proposition 2,,REP,UNDER VOTES,10
Limestone,0405,Proposition 2,,REP,UNDER VOTES,6
Limestone,0406,Proposition 2,,REP,UNDER VOTES,6
Limestone,0101,Proposition 3,,REP,Yes,351
Limestone,0102,Proposition 3,,REP,Yes,176
Limestone,0103,Proposition 3,,REP,Yes,172
Limestone,0104,Proposition 3,,REP,Yes,217
Limestone,0201,Proposition 3,,REP,Yes,81
Limestone,0202,Proposition 3,,REP,Yes,21
Limestone,0203,Proposition 3,,REP,Yes,20
Limestone,0204,Proposition 3,,REP,Yes,110
Limestone,0205,Proposition 3,,REP,Yes,83
Limestone,0206,Proposition 3,,REP,Yes,92
Limestone,0301,Proposition 3,,REP,Yes,328
Limestone,0302,Proposition 3,,REP,Yes,143
Limestone,0303,Proposition 3,,REP,Yes,45
Limestone,0304,Proposition 3,,REP,Yes,242
Limestone,0305,Proposition 3,,REP,Yes,97
Limestone,0401,Proposition 3,,REP,Yes,238
Limestone,0402,Proposition 3,,REP,Yes,125
Limestone,0403,Proposition 3,,REP,Yes,86
Limestone,0404,Proposition 3,,REP,Yes,126
Limestone,0405,Proposition 3,,REP,Yes,102
Limestone,0406,Proposition 3,,REP,Yes,65
Limestone,0101,Proposition 3,,REP,No,88
Limestone,0102,Proposition 3,,REP,No,42
Limestone,0103,Proposition 3,,REP,No,43
Limestone,0104,Proposition 3,,REP,No,31
Limestone,0201,Proposition 3,,REP,No,20
Limestone,0202,Proposition 3,,REP,No,2
Limestone,0203,Proposition 3,,REP,No,6
Limestone,0204,Proposition 3,,REP,No,26
Limestone,0205,Proposition 3,,REP,No,27
Limestone,0206,Proposition 3,,REP,No,14
Limestone,0301,Proposition 3,,REP,No,72
Limestone,0302,Proposition 3,,REP,No,26
Limestone,0303,Proposition 3,,REP,No,14
Limestone,0304,Proposition 3,,REP,No,37
Limestone,0305,Proposition 3,,REP,No,26
Limestone,0401,Proposition 3,,REP,No,52
Limestone,0402,Proposition 3,,REP,No,27
Limestone,0403,Proposition 3,,REP,No,14
Limestone,0404,Proposition 3,,REP,No,20
Limestone,0405,Proposition 3,,REP,No,18
Limestone,0406,Proposition 3,,REP,No,8
Limestone,0101,Proposition 3,,REP,OVER VOTES,0
Limestone,0102,Proposition 3,,REP,OVER VOTES,0
Limestone,0103,Proposition 3,,REP,OVER VOTES,0
Limestone,0104,Proposition 3,,REP,OVER VOTES,0
Limestone,0201,Proposition 3,,REP,OVER VOTES,0
Limestone,0202,Proposition 3,,REP,OVER VOTES,0
Limestone,0203,Proposition 3,,REP,OVER VOTES,0
Limestone,0204,Proposition 3,,REP,OVER VOTES,0
Limestone,0205,Proposition 3,,REP,OVER VOTES,0
Limestone,0206,Proposition 3,,REP,OVER VOTES,0
Limestone,0301,Proposition 3,,REP,OVER VOTES,0
Limestone,0302,Proposition 3,,REP,OVER VOTES,0
Limestone,0303,Proposition 3,,REP,OVER VOTES,0
Limestone,0304,Proposition 3,,REP,OVER VOTES,0
Limestone,0305,Proposition 3,,REP,OVER VOTES,0
Limestone,0401,Proposition 3,,REP,OVER VOTES,0
Limestone,0402,Proposition 3,,REP,OVER VOTES,0
Limestone,0403,Proposition 3,,REP,OVER VOTES,0
Limestone,0404,Proposition 3,,REP,OVER VOTES,0
Limestone,0405,Proposition 3,,REP,OVER VOTES,0
Limestone,0406,Proposition 3,,REP,OVER VOTES,0
Limestone,0101,Proposition 3,,REP,UNDER VOTES,41
Limestone,0102,Proposition 3,,REP,UNDER VOTES,9
Limestone,0103,Proposition 3,,REP,UNDER VOTES,21
Limestone,0104,Proposition 3,,REP,UNDER VOTES,10
Limestone,0201,Proposition 3,,REP,UNDER VOTES,8
Limestone,0202,Proposition 3,,REP,UNDER VOTES,1
Limestone,0203,Proposition 3,,REP,UNDER VOTES,1
Limestone,0204,Proposition 3,,REP,UNDER VOTES,13
Limestone,0205,Proposition 3,,REP,UNDER VOTES,5
Limestone,0206,Proposition 3,,REP,UNDER VOTES,14
Limestone,0301,Proposition 3,,REP,UNDER VOTES,30
Limestone,0302,Proposition 3,,REP,UNDER VOTES,15
Limestone,0303,Proposition 3,,REP,UNDER VOTES,1
Limestone,0304,Proposition 3,,REP,UNDER VOTES,34
Limestone,0305,Proposition 3,,REP,UNDER VOTES,5
Limestone,0401,Proposition 3,,REP,UNDER VOTES,21
Limestone,0402,Proposition 3,,REP,UNDER VOTES,10
Limestone,0403,Proposition 3,,REP,UNDER VOTES,9
Limestone,0404,Proposition 3,,REP,UNDER VOTES,10
Limestone,0405,Proposition 3,,REP,UNDER VOTES,5
Limestone,0406,Proposition 3,,REP,UNDER VOTES,6
Limestone,0101,Proposition 4,,REP,Yes,428
Limestone,0102,Proposition 4,,REP,Yes,205
Limestone,0103,Proposition 4,,REP,Yes,201
Limestone,0104,Proposition 4,,REP,Yes,229
Limestone,0201,Proposition 4,,REP,Yes,95
Limestone,0202,Proposition 4,,REP,Yes,23
Limestone,0203,Proposition 4,,REP,Yes,23
Limestone,0204,Proposition 4,,REP,Yes,133
Limestone,0205,Proposition 4,,REP,Yes,102
Limestone,0206,Proposition 4,,REP,Yes,108
Limestone,0301,Proposition 4,,REP,Yes,381
Limestone,0302,Proposition 4,,REP,Yes,162
Limestone,0303,Proposition 4,,REP,Yes,56
Limestone,0304,Proposition 4,,REP,Yes,269
Limestone,0305,Proposition 4,,REP,Yes,119
Limestone,0401,Proposition 4,,REP,Yes,275
Limestone,0402,Proposition 4,,REP,Yes,147
Limestone,0403,Proposition 4,,REP,Yes,98
Limestone,0404,Proposition 4,,REP,Yes,147
Limestone,0405,Proposition 4,,REP,Yes,117
Limestone,0406,Proposition 4,,REP,Yes,71
Limestone,0101,Proposition 4,,REP,No,12
Limestone,0102,Proposition 4,,REP,No,5
Limestone,0103,Proposition 4,,REP,No,10
Limestone,0104,Proposition 4,,REP,No,17
Limestone,0201,Proposition 4,,REP,No,7
Limestone,0202,Proposition 4,,REP,No,1
Limestone,0203,Proposition 4,,REP,No,2
Limestone,0204,Proposition 4,,REP,No,6
Limestone,0205,Proposition 4,,REP,No,5
Limestone,0206,Proposition 4,,REP,No,4
Limestone,0301,Proposition 4,,REP,No,17
Limestone,0302,Proposition 4,,REP,No,5
Limestone,0303,Proposition 4,,REP,No,2
Limestone,0304,Proposition 4,,REP,No,10
Limestone,0305,Proposition 4,,REP,No,7
Limestone,0401,Proposition 4,,REP,No,16
Limestone,0402,Proposition 4,,REP,No,8
Limestone,0403,Proposition 4,,REP,No,1
Limestone,0404,Proposition 4,,REP,No,1
Limestone,0405,Proposition 4,,REP,No,3
Limestone,0406,Proposition 4,,REP,No,2
Limestone,0101,Proposition 4,,REP,OVER VOTES,0
Limestone,0102,Proposition 4,,REP,OVER VOTES,0
Limestone,0103,Proposition 4,,REP,OVER VOTES,0
Limestone,0104,Proposition 4,,REP,OVER VOTES,0
Limestone,0201,Proposition 4,,REP,OVER VOTES,0
Limestone,0202,Proposition 4,,REP,OVER VOTES,0
Limestone,0203,Proposition 4,,REP,OVER VOTES,0
Limestone,0204,Proposition 4,,REP,OVER VOTES,0
Limestone,0205,Proposition 4,,REP,OVER VOTES,0
Limestone,0206,Proposition 4,,REP,OVER VOTES,0
Limestone,0301,Proposition 4,,REP,OVER VOTES,0
Limestone,0302,Proposition 4,,REP,OVER VOTES,0
Limestone,0303,Proposition 4,,REP,OVER VOTES,0
Limestone,0304,Proposition 4,,REP,OVER VOTES,0
Limestone,0305,Proposition 4,,REP,OVER VOTES,0
Limestone,0401,Proposition 4,,REP,OVER VOTES,0
Limestone,0402,Proposition 4,,REP,OVER VOTES,0
Limestone,0403,Proposition 4,,REP,OVER VOTES,0
Limestone,0404,Proposition 4,,REP,OVER VOTES,0
Limestone,0405,Proposition 4,,REP,OVER VOTES,0
Limestone,0406,Proposition 4,,REP,OVER VOTES,0
Limestone,0101,Proposition 4,,REP,UNDER VOTES,40
Limestone,0102,Proposition 4,,REP,UNDER VOTES,17
Limestone,0103,Proposition 4,,REP,UNDER VOTES,25
Limestone,0104,Proposition 4,,REP,UNDER VOTES,12
Limestone,0201,Proposition 4,,REP,UNDER VOTES,7
Limestone,0202,Proposition 4,,REP,UNDER VOTES,0
Limestone,0203,Proposition 4,,REP,UNDER VOTES,2
Limestone,0204,Proposition 4,,REP,UNDER VOTES,10
Limestone,0205,Proposition 4,,REP,UNDER VOTES,8
Limestone,0206,Proposition 4,,REP,UNDER VOTES,8
Limestone,0301,Proposition 4,,REP,UNDER VOTES,33
Limestone,0302,Proposition 4,,REP,UNDER VOTES,17
Limestone,0303,Proposition 4,,REP,UNDER VOTES,2
Limestone,0304,Proposition 4,,REP,UNDER VOTES,34
Limestone,0305,Proposition 4,,REP,UNDER VOTES,2
Limestone,0401,Proposition 4,,REP,UNDER VOTES,20
Limestone,0402,Proposition 4,,REP,UNDER VOTES,7
Limestone,0403,Proposition 4,,REP,UNDER VOTES,10
Limestone,0404,Proposition 4,,REP,UNDER VOTES,8
Limestone,0405,Proposition 4,,REP,UNDER VOTES,5
Limestone,0406,Proposition 4,,REP,UNDER VOTES,6
Limestone,0101,Referenda Item #1,,DEM,For,80
Limestone,0102,Referenda Item #1,,DEM,For,7
Limestone,0103,Referenda Item #1,,DEM,For,22
Limestone,0104,Referenda Item #1,,DEM,For,19
Limestone,0201,Referenda Item #1,,DEM,For,32
Limestone,0202,Referenda Item #1,,DEM,For,75
Limestone,0203,Referenda Item #1,,DEM,For,30
Limestone,0204,Referenda Item #1,,DEM,For,30
Limestone,0205,Referenda Item #1,,DEM,For,30
Limestone,0206,Referenda Item #1,,DEM,For,14
Limestone,0301,Referenda Item #1,,DEM,For,65
Limestone,0302,Referenda Item #1,,DEM,For,22
Limestone,0303,Referenda Item #1,,DEM,For,6
Limestone,0304,Referenda Item #1,,DEM,For,21
Limestone,0305,Referenda Item #1,,DEM,For,17
Limestone,0401,Referenda Item #1,,DEM,For,88
Limestone,0402,Referenda Item #1,,DEM,For,16
Limestone,0403,Referenda Item #1,,DEM,For,6
Limestone,0404,Referenda Item #1,,DEM,For,12
Limestone,0405,Referenda Item #1,,DEM,For,16
Limestone,0406,Referenda Item #1,,DEM,For,3
Limestone,0101,Referenda Item #1,,DEM,Against,18
Limestone,0102,Referenda Item #1,,DEM,Against,3
Limestone,0103,Referenda Item #1,,DEM,Against,7
Limestone,0104,Referenda Item #1,,DEM,Against,2
Limestone,0201,Referenda Item #1,,DEM,Against,4
Limestone,0202,Referenda Item #1,,DEM,Against,6
Limestone,0203,Referenda Item #1,,DEM,Against,2
Limestone,0204,Referenda Item #1,,DEM,Against,2
Limestone,0205,Referenda Item #1,,DEM,Against,5
Limestone,0206,Referenda Item #1,,DEM,Against,2
Limestone,0301,Referenda Item #1,,DEM,Against,8
Limestone,0302,Referenda Item #1,,DEM,Against,2
Limestone,0303,Referenda Item #1,,DEM,Against,2
Limestone,0304,Referenda Item #1,,DEM,Against,0
Limestone,0305,Referenda Item #1,,DEM,Against,1
Limestone,0401,Referenda Item #1,,DEM,Against,13
Limestone,0402,Referenda Item #1,,DEM,Against,0
Limestone,0403,Referenda Item #1,,DEM,Against,0
Limestone,0404,Referenda Item #1,,DEM,Against,5
Limestone,0405,Referenda Item #1,,DEM,Against,0
Limestone,0406,Referenda Item #1,,DEM,Against,2
Limestone,0101,Referenda Item #1,,DEM,OVER VOTES,0
Limestone,0102,Referenda Item #1,,DEM,OVER VOTES,0
Limestone,0103,Referenda Item #1,,DEM,OVER VOTES,0
Limestone,0104,Referenda Item #1,,DEM,OVER VOTES,0
Limestone,0201,Referenda Item #1,,DEM,OVER VOTES,0
Limestone,0202,Referenda Item #1,,DEM,OVER VOTES,0
Limestone,0203,Referenda Item #1,,DEM,OVER VOTES,0
Limestone,0204,Referenda Item #1,,DEM,OVER VOTES,0
Limestone,0205,Referenda Item #1,,DEM,OVER VOTES,0
Limestone,0206,Referenda Item #1,,DEM,OVER VOTES,0
Limestone,0301,Referenda Item #1,,DEM,OVER VOTES,0
Limestone,0302,Referenda Item #1,,DEM,OVER VOTES,0
Limestone,0303,Referenda Item #1,,DEM,OVER VOTES,0
Limestone,0304,Referenda Item #1,,DEM,OVER VOTES,0
Limestone,0305,Referenda Item #1,,DEM,OVER VOTES,0
Limestone,0401,Referenda Item #1,,DEM,OVER VOTES,0
Limestone,0402,Referenda Item #1,,DEM,OVER VOTES,0
Limestone,0403,Referenda Item #1,,DEM,OVER VOTES,0
Limestone,0404,Referenda Item #1,,DEM,OVER VOTES,0
Limestone,0405,Referenda Item #1,,DEM,OVER VOTES,0
Limestone,0406,Referenda Item #1,,DEM,OVER VOTES,0
Limestone,0101,Referenda Item #1,,DEM,UNDER VOTES,8
Limestone,0102,Referenda Item #1,,DEM,UNDER VOTES,2
Limestone,0103,Referenda Item #1,,DEM,UNDER VOTES,9
Limestone,0104,Referenda Item #1,,DEM,UNDER VOTES,0
Limestone,0201,Referenda Item #1,,DEM,UNDER VOTES,8
Limestone,0202,Referenda Item #1,,DEM,UNDER VOTES,8
Limestone,0203,Referenda Item #1,,DEM,UNDER VOTES,3
Limestone,0204,Referenda Item #1,,DEM,UNDER VOTES,1
Limestone,0205,Referenda Item #1,,DEM,UNDER VOTES,0
Limestone,0206,Referenda Item #1,,DEM,UNDER VOTES,1
Limestone,0301,Referenda Item #1,,DEM,UNDER VOTES,5
Limestone,0302,Referenda Item #1,,DEM,UNDER VOTES,1
Limestone,0303,Referenda Item #1,,DEM,UNDER VOTES,2
Limestone,0304,Referenda Item #1,,DEM,UNDER VOTES,4
Limestone,0305,Referenda Item #1,,DEM,UNDER VOTES,1
Limestone,0401,Referenda Item #1,,DEM,UNDER VOTES,21
Limestone,0402,Referenda Item #1,,DEM,UNDER VOTES,0
Limestone,0403,Referenda Item #1,,DEM,UNDER VOTES,0
Limestone,0404,Referenda Item #1,,DEM,UNDER VOTES,0
Limestone,0405,Referenda Item #1,,DEM,UNDER VOTES,0
Limestone,0406,Referenda Item #1,,DEM,UNDER VOTES,1
Limestone,0101,Referenda Item #2,,DEM,For,84
Limestone,0102,Referenda Item #2,,DEM,For,10
Limestone,0103,Referenda Item #2,,DEM,For,24
Limestone,0104,Referenda Item #2,,DEM,For,19
Limestone,0201,Referenda Item #2,,DEM,For,29
Limestone,0202,Referenda Item #2,,DEM,For,69
Limestone,0203,Referenda Item #2,,DEM,For,28
Limestone,0204,Referenda Item #2,,DEM,For,27
Limestone,0205,Referenda Item #2,,DEM,For,33
Limestone,0206,Referenda Item #2,,DEM,For,14
Limestone,0301,Referenda Item #2,,DEM,For,65
Limestone,0302,Referenda Item #2,,DEM,For,21
Limestone,0303,Referenda Item #2,,DEM,For,6
Limestone,0304,Referenda Item #2,,DEM,For,20
Limestone,0305,Referenda Item #2,,DEM,For,16
Limestone,0401,Referenda Item #2,,DEM,For,96
Limestone,0402,Referenda Item #2,,DEM,For,15
Limestone,0403,Referenda Item #2,,DEM,For,6
Limestone,0404,Referenda Item #2,,DEM,For,12
Limestone,0405,Referenda Item #2,,DEM,For,16
Limestone,0406,Referenda Item #2,,DEM,For,6
Limestone,0101,Referenda Item #2,,DEM,Against,9
Limestone,0102,Referenda Item #2,,DEM,Against,0
Limestone,0103,Referenda Item #2,,DEM,Against,4
Limestone,0104,Referenda Item #2,,DEM,Against,1
Limestone,0201,Referenda Item #2,,DEM,Against,4
Limestone,0202,Referenda Item #2,,DEM,Against,9
Limestone,0203,Referenda Item #2,,DEM,Against,3
Limestone,0204,Referenda Item #2,,DEM,Against,3
Limestone,0205,Referenda Item #2,,DEM,Against,1
Limestone,0206,Referenda Item #2,,DEM,Against,2
Limestone,0301,Referenda Item #2,,DEM,Against,7
Limestone,0302,Referenda Item #2,,DEM,Against,2
Limestone,0303,Referenda Item #2,,DEM,Against,1
Limestone,0304,Referenda Item #2,,DEM,Against,1
Limestone,0305,Referenda Item #2,,DEM,Against,1
Limestone,0401,Referenda Item #2,,DEM,Against,6
Limestone,0402,Referenda Item #2,,DEM,Against,0
Limestone,0403,Referenda Item #2,,DEM,Against,0
Limestone,0404,Referenda Item #2,,DEM,Against,4
Limestone,0405,Referenda Item #2,,DEM,Against,0
Limestone,0406,Referenda Item #2,,DEM,Against,0
Limestone,0101,Referenda Item #2,,DEM,OVER VOTES,0
Limestone,0102,Referenda Item #2,,DEM,OVER VOTES,0
Limestone,0103,Referenda Item #2,,DEM,OVER VOTES,0
Limestone,0104,Referenda Item #2,,DEM,OVER VOTES,0
Limestone,0201,Referenda Item #2,,DEM,OVER VOTES,0
Limestone,0202,Referenda Item #2,,DEM,OVER VOTES,0
Limestone,0203,Referenda Item #2,,DEM,OVER VOTES,0
Limestone,0204,Referenda Item #2,,DEM,OVER VOTES,0
Limestone,0205,Referenda Item #2,,DEM,OVER VOTES,0
Limestone,0206,Referenda Item #2,,DEM,OVER VOTES,0
Limestone,0301,Referenda Item #2,,DEM,OVER VOTES,0
Limestone,0302,Referenda Item #2,,DEM,OVER VOTES,0
Limestone,0303,Referenda Item #2,,DEM,OVER VOTES,0
Limestone,0304,Referenda Item #2,,DEM,OVER VOTES,0
Limestone,0305,Referenda Item #2,,DEM,OVER VOTES,0
Limestone,0401,Referenda Item #2,,DEM,OVER VOTES,0
Limestone,0402,Referenda Item #2,,DEM,OVER VOTES,0
Limestone,0403,Referenda Item #2,,DEM,OVER VOTES,0
Limestone,0404,Referenda Item #2,,DEM,OVER VOTES,0
Limestone,0405,Referenda Item #2,,DEM,OVER VOTES,0
Limestone,0406,Referenda Item #2,,DEM,OVER VOTES,0
Limestone,0101,Referenda Item #2,,DEM,UNDER VOTES,13
Limestone,0102,Referenda Item #2,,DEM,UNDER VOTES,2
Limestone,0103,Referenda Item #2,,DEM,UNDER VOTES,10
Limestone,0104,Referenda Item #2,,DEM,UNDER VOTES,1
Limestone,0201,Referenda Item #2,,DEM,UNDER VOTES,11
Limestone,0202,Referenda Item #2,,DEM,UNDER VOTES,11
Limestone,0203,Referenda Item #2,,DEM,UNDER VOTES,4
Limestone,0204,Referenda Item #2,,DEM,UNDER VOTES,3
Limestone,0205,Referenda Item #2,,DEM,UNDER VOTES,1
Limestone,0206,Referenda Item #2,,DEM,UNDER VOTES,1
Limestone,0301,Referenda Item #2,,DEM,UNDER VOTES,6
Limestone,0302,Referenda Item #2,,DEM,UNDER VOTES,2
Limestone,0303,Referenda Item #2,,DEM,UNDER VOTES,3
Limestone,0304,Referenda Item #2,,DEM,UNDER VOTES,4
Limestone,0305,Referenda Item #2,,DEM,UNDER VOTES,2
Limestone,0401,Referenda Item #2,,DEM,UNDER VOTES,20
Limestone,0402,Referenda Item #2,,DEM,UNDER VOTES,1
Limestone,0403,Referenda Item #2,,DEM,UNDER VOTES,0
Limestone,0404,Referenda Item #2,,DEM,UNDER VOTES,1
Limestone,0405,Referenda Item #2,,DEM,UNDER VOTES,0
Limestone,0406,Referenda Item #2,,DEM,UNDER VOTES,0
Limestone,0101,Referenda Item #3,,DEM,For,72
Limestone,0102,Referenda Item #3,,DEM,For,8
Limestone,0103,Referenda Item #3,,DEM,For,21
Limestone,0104,Referenda Item #3,,DEM,For,16
Limestone,0201,Referenda Item #3,,DEM,For,29
Limestone,0202,Referenda Item #3,,DEM,For,58
Limestone,0203,Referenda Item #3,,DEM,For,28
Limestone,0204,Referenda Item #3,,DEM,For,30
Limestone,0205,Referenda Item #3,,DEM,For,32
Limestone,0206,Referenda Item #3,,DEM,For,15
Limestone,0301,Referenda Item #3,,DEM,For,56
Limestone,0302,Referenda Item #3,,DEM,For,19
Limestone,0303,Referenda Item #3,,DEM,For,7
Limestone,0304,Referenda Item #3,,DEM,For,20
Limestone,0305,Referenda Item #3,,DEM,For,15
Limestone,0401,Referenda Item #3,,DEM,For,83
Limestone,0402,Referenda Item #3,,DEM,For,14
Limestone,0403,Referenda Item #3,,DEM,For,5
Limestone,0404,Referenda Item #3,,DEM,For,13
Limestone,0405,Referenda Item #3,,DEM,For,15
Limestone,0406,Referenda Item #3,,DEM,For,5
Limestone,0101,Referenda Item #3,,DEM,Against,22
Limestone,0102,Referenda Item #3,,DEM,Against,2
Limestone,0103,Referenda Item #3,,DEM,Against,7
Limestone,0104,Referenda Item #3,,DEM,Against,5
Limestone,0201,Referenda Item #3,,DEM,Against,5
Limestone,0202,Referenda Item #3,,DEM,Against,16
Limestone,0203,Referenda Item #3,,DEM,Against,4
Limestone,0204,Referenda Item #3,,DEM,Against,2
Limestone,0205,Referenda Item #3,,DEM,Against,2
Limestone,0206,Referenda Item #3,,DEM,Against,1
Limestone,0301,Referenda Item #3,,DEM,Against,16
Limestone,0302,Referenda Item #3,,DEM,Against,4
Limestone,0303,Referenda Item #3,,DEM,Against,1
Limestone,0304,Referenda Item #3,,DEM,Against,1
Limestone,0305,Referenda Item #3,,DEM,Against,2
Limestone,0401,Referenda Item #3,,DEM,Against,15
Limestone,0402,Referenda Item #3,,DEM,Against,1
Limestone,0403,Referenda Item #3,,DEM,Against,1
Limestone,0404,Referenda Item #3,,DEM,Against,4
Limestone,0405,Referenda Item #3,,DEM,Against,1
Limestone,0406,Referenda Item #3,,DEM,Against,1
Limestone,0101,Referenda Item #3,,DEM,OVER VOTES,0
Limestone,0102,Referenda Item #3,,DEM,OVER VOTES,0
Limestone,0103,Referenda Item #3,,DEM,OVER VOTES,0
Limestone,0104,Referenda Item #3,,DEM,OVER VOTES,0
Limestone,0201,Referenda Item #3,,DEM,OVER VOTES,0
Limestone,0202,Referenda Item #3,,DEM,OVER VOTES,0
Limestone,0203,Referenda Item #3,,DEM,OVER VOTES,0
Limestone,0204,Referenda Item #3,,DEM,OVER VOTES,0
Limestone,0205,Referenda Item #3,,DEM,OVER VOTES,0
Limestone,0206,Referenda Item #3,,DEM,OVER VOTES,0
Limestone,0301,Referenda Item #3,,DEM,OVER VOTES,0
Limestone,0302,Referenda Item #3,,DEM,OVER VOTES,0
Limestone,0303,Referenda Item #3,,DEM,OVER VOTES,0
Limestone,0304,Referenda Item #3,,DEM,OVER VOTES,0
Limestone,0305,Referenda Item #3,,DEM,OVER VOTES,0
Limestone,0401,Referenda Item #3,,DEM,OVER VOTES,0
Limestone,0402,Referenda Item #3,,DEM,OVER VOTES,0
Limestone,0403,Referenda Item #3,,DEM,OVER VOTES,0
Limestone,0404,Referenda Item #3,,DEM,OVER VOTES,0
Limestone,0405,Referenda Item #3,,DEM,OVER VOTES,0
Limestone,0406,Referenda Item #3,,DEM,OVER VOTES,0
Limestone,0101,Referenda Item #3,,DEM,UNDER VOTES,12
Limestone,0102,Referenda Item #3,,DEM,UNDER VOTES,2
Limestone,0103,Referenda Item #3,,DEM,UNDER VOTES,10
Limestone,0104,Referenda Item #3,,DEM,UNDER VOTES,0
Limestone,0201,Referenda Item #3,,DEM,UNDER VOTES,10
Limestone,0202,Referenda Item #3,,DEM,UNDER VOTES,15
Limestone,0203,Referenda Item #3,,DEM,UNDER VOTES,3
Limestone,0204,Referenda Item #3,,DEM,UNDER VOTES,1
Limestone,0205,Referenda Item #3,,DEM,UNDER VOTES,1
Limestone,0206,Referenda Item #3,,DEM,UNDER VOTES,1
Limestone,0301,Referenda Item #3,,DEM,UNDER VOTES,6
Limestone,0302,Referenda Item #3,,DEM,UNDER VOTES,2
Limestone,0303,Referenda Item #3,,DEM,UNDER VOTES,2
Limestone,0304,Referenda Item #3,,DEM,UNDER VOTES,4
Limestone,0305,Referenda Item #3,,DEM,UNDER VOTES,2
Limestone,0401,Referenda Item #3,,DEM,UNDER VOTES,24
Limestone,0402,Referenda Item #3,,DEM,UNDER VOTES,1
Limestone,0403,Referenda Item #3,,DEM,UNDER VOTES,0
Limestone,0404,Referenda Item #3,,DEM,UNDER VOTES,0
Limestone,0405,Referenda Item #3,,DEM,UNDER VOTES,0
Limestone,0406,Referenda Item #3,,DEM,UNDER VOTES,0
Limestone,0101,Referenda Item #4,,DEM,For,81
Limestone,0102,Referenda Item #4,,DEM,For,9
Limestone,0103,Referenda Item #4,,DEM,For,26
Limestone,0104,Referenda Item #4,,DEM,For,20
Limestone,0201,Referenda Item #4,,DEM,For,36
Limestone,0202,Referenda Item #4,,DEM,For,68
Limestone,0203,Referenda Item #4,,DEM,For,31
Limestone,0204,Referenda Item #4,,DEM,For,30
Limestone,0205,Referenda Item #4,,DEM,For,31
Limestone,0206,Referenda Item #4,,DEM,For,15
Limestone,0301,Referenda Item #4,,DEM,For,69
Limestone,0302,Referenda Item #4,,DEM,For,22
Limestone,0303,Referenda Item #4,,DEM,For,8
Limestone,0304,Referenda Item #4,,DEM,For,22
Limestone,0305,Referenda Item #4,,DEM,For,12
Limestone,0401,Referenda Item #4,,DEM,For,93
Limestone,0402,Referenda Item #4,,DEM,For,15
Limestone,0403,Referenda Item #4,,DEM,For,6
Limestone,0404,Referenda Item #4,,DEM,For,14
Limestone,0405,Referenda Item #4,,DEM,For,13
Limestone,0406,Referenda Item #4,,DEM,For,6
Limestone,0101,Referenda Item #4,,DEM,Against,11
Limestone,0102,Referenda Item #4,,DEM,Against,1
Limestone,0103,Referenda Item #4,,DEM,Against,3
Limestone,0104,Referenda Item #4,,DEM,Against,1
Limestone,0201,Referenda Item #4,,DEM,Against,1
Limestone,0202,Referenda Item #4,,DEM,Against,11
Limestone,0203,Referenda Item #4,,DEM,Against,1
Limestone,0204,Referenda Item #4,,DEM,Against,2
Limestone,0205,Referenda Item #4,,DEM,Against,3
Limestone,0206,Referenda Item #4,,DEM,Against,1
Limestone,0301,Referenda Item #4,,DEM,Against,5
Limestone,0302,Referenda Item #4,,DEM,Against,2
Limestone,0303,Referenda Item #4,,DEM,Against,0
Limestone,0304,Referenda Item #4,,DEM,Against,0
Limestone,0305,Referenda Item #4,,DEM,Against,6
Limestone,0401,Referenda Item #4,,DEM,Against,8
Limestone,0402,Referenda Item #4,,DEM,Against,1
Limestone,0403,Referenda Item #4,,DEM,Against,0
Limestone,0404,Referenda Item #4,,DEM,Against,2
Limestone,0405,Referenda Item #4,,DEM,Against,3
Limestone,0406,Referenda Item #4,,DEM,Against,0
Limestone,0101,Referenda Item #4,,DEM,OVER VOTES,0
Limestone,0102,Referenda Item #4,,DEM,OVER VOTES,0
Limestone,0103,Referenda Item #4,,DEM,OVER VOTES,0
Limestone,0104,Referenda Item #4,,DEM,OVER VOTES,0
Limestone,0201,Referenda Item #4,,DEM,OVER VOTES,0
Limestone,0202,Referenda Item #4,,DEM,OVER VOTES,0
Limestone,0203,Referenda Item #4,,DEM,OVER VOTES,0
Limestone,0204,Referenda Item #4,,DEM,OVER VOTES,0
Limestone,0205,Referenda Item #4,,DEM,OVER VOTES,0
Limestone,0206,Referenda Item #4,,DEM,OVER VOTES,0
Limestone,0301,Referenda Item #4,,DEM,OVER VOTES,0
Limestone,0302,Referenda Item #4,,DEM,OVER VOTES,0
Limestone,0303,Referenda Item #4,,DEM,OVER VOTES,0
Limestone,0304,Referenda Item #4,,DEM,OVER VOTES,0
Limestone,0305,Referenda Item #4,,DEM,OVER VOTES,0
Limestone,0401,Referenda Item #4,,DEM,OVER VOTES,0
Limestone,0402,Referenda Item #4,,DEM,OVER VOTES,0
Limestone,0403,Referenda Item #4,,DEM,OVER VOTES,0
Limestone,0404,Referenda Item #4,,DEM,OVER VOTES,0
Limestone,0405,Referenda Item #4,,DEM,OVER VOTES,0
Limestone,0406,Referenda Item #4,,DEM,OVER VOTES,0
Limestone,0101,Referenda Item #4,,DEM,UNDER VOTES,14
Limestone,0102,Referenda Item #4,,DEM,UNDER VOTES,2
Limestone,0103,Referenda Item #4,,DEM,UNDER VOTES,9
Limestone,0104,Referenda Item #4,,DEM,UNDER VOTES,0
Limestone,0201,Referenda Item #4,,DEM,UNDER VOTES,7
Limestone,0202,Referenda Item #4,,DEM,UNDER VOTES,10
Limestone,0203,Referenda Item #4,,DEM,UNDER VOTES,3
Limestone,0204,Referenda Item #4,,DEM,UNDER VOTES,1
Limestone,0205,Referenda Item #4,,DEM,UNDER VOTES,1
Limestone,0206,Referenda Item #4,,DEM,UNDER VOTES,1
Limestone,0301,Referenda Item #4,,DEM,UNDER VOTES,4
Limestone,0302,Referenda Item #4,,DEM,UNDER VOTES,1
Limestone,0303,Referenda Item #4,,DEM,UNDER VOTES,2
Limestone,0304,Referenda Item #4,,DEM,UNDER VOTES,3
Limestone,0305,Referenda Item #4,,DEM,UNDER VOTES,1
Limestone,0401,Referenda Item #4,,DEM,UNDER VOTES,21
Limestone,0402,Referenda Item #4,,DEM,UNDER VOTES,0
Limestone,0403,Referenda Item #4,,DEM,UNDER VOTES,0
Limestone,0404,Referenda Item #4,,DEM,UNDER VOTES,1
Limestone,0405,Referenda Item #4,,DEM,UNDER VOTES,0
Limestone,0406,Referenda Item #4,,DEM,UNDER VOTES,0
Limestone,0101,Referenda Item #5,,DEM,For,53
Limestone,0102,Referenda Item #5,,DEM,For,8
Limestone,0103,Referenda Item #5,,DEM,For,17
Limestone,0104,Referenda Item #5,,DEM,For,14
Limestone,0201,Referenda Item #5,,DEM,For,20
Limestone,0202,Referenda Item #5,,DEM,For,52
Limestone,0203,Referenda Item #5,,DEM,For,23
Limestone,0204,Referenda Item #5,,DEM,For,26
Limestone,0205,Referenda Item #5,,DEM,For,21
Limestone,0206,Referenda Item #5,,DEM,For,9
Limestone,0301,Referenda Item #5,,DEM,For,36
Limestone,0302,Referenda Item #5,,DEM,For,18
Limestone,0303,Referenda Item #5,,DEM,For,9
Limestone,0304,Referenda Item #5,,DEM,For,13
Limestone,0305,Referenda Item #5,,DEM,For,17
Limestone,0401,Referenda Item #5,,DEM,For,65
Limestone,0402,Referenda Item #5,,DEM,For,12
Limestone,0403,Referenda Item #5,,DEM,For,6
Limestone,0404,Referenda Item #5,,DEM,For,13
Limestone,0405,Referenda Item #5,,DEM,For,11
Limestone,0406,Referenda Item #5,,DEM,For,4
Limestone,0101,Referenda Item #5,,DEM,Against,43
Limestone,0102,Referenda Item #5,,DEM,Against,2
Limestone,0103,Referenda Item #5,,DEM,Against,14
Limestone,0104,Referenda Item #5,,DEM,Against,6
Limestone,0201,Referenda Item #5,,DEM,Against,17
Limestone,0202,Referenda Item #5,,DEM,Against,31
Limestone,0203,Referenda Item #5,,DEM,Against,9
Limestone,0204,Referenda Item #5,,DEM,Against,6
Limestone,0205,Referenda Item #5,,DEM,Against,13
Limestone,0206,Referenda Item #5,,DEM,Against,8
Limestone,0301,Referenda Item #5,,DEM,Against,37
Limestone,0302,Referenda Item #5,,DEM,Against,7
Limestone,0303,Referenda Item #5,,DEM,Against,0
Limestone,0304,Referenda Item #5,,DEM,Against,8
Limestone,0305,Referenda Item #5,,DEM,Against,1
Limestone,0401,Referenda Item #5,,DEM,Against,40
Limestone,0402,Referenda Item #5,,DEM,Against,3
Limestone,0403,Referenda Item #5,,DEM,Against,0
Limestone,0404,Referenda Item #5,,DEM,Against,4
Limestone,0405,Referenda Item #5,,DEM,Against,5
Limestone,0406,Referenda Item #5,,DEM,Against,2
Limestone,0101,Referenda Item #5,,DEM,OVER VOTES,0
Limestone,0102,Referenda Item #5,,DEM,OVER VOTES,0
Limestone,0103,Referenda Item #5,,DEM,OVER VOTES,0
Limestone,0104,Referenda Item #5,,DEM,OVER VOTES,0
Limestone,0201,Referenda Item #5,,DEM,OVER VOTES,0
Limestone,0202,Referenda Item #5,,DEM,OVER VOTES,0
Limestone,0203,Referenda Item #5,,DEM,OVER VOTES,0
Limestone,0204,Referenda Item #5,,DEM,OVER VOTES,0
Limestone,0205,Referenda Item #5,,DEM,OVER VOTES,0
Limestone,0206,Referenda Item #5,,DEM,OVER VOTES,0
Limestone,0301,Referenda Item #5,,DEM,OVER VOTES,0
Limestone,0302,Referenda Item #5,,DEM,OVER VOTES,0
Limestone,0303,Referenda Item #5,,DEM,OVER VOTES,0
Limestone,0304,Referenda Item #5,,DEM,OVER VOTES,0
Limestone,0305,Referenda Item #5,,DEM,OVER VOTES,0
Limestone,0401,Referenda Item #5,,DEM,OVER VOTES,0
Limestone,0402,Referenda Item #5,,DEM,OVER VOTES,0
Limestone,0403,Referenda Item #5,,DEM,OVER VOTES,0
Limestone,0404,Referenda Item #5,,DEM,OVER VOTES,0
Limestone,0405,Referenda Item #5,,DEM,OVER VOTES,0
Limestone,0406,Referenda Item #5,,DEM,OVER VOTES,0
Limestone,0101,Referenda Item #5,,DEM,UNDER VOTES,10
Limestone,0102,Referenda Item #5,,DEM,UNDER VOTES,2
Limestone,0103,Referenda Item #5,,DEM,UNDER VOTES,7
Limestone,0104,Referenda Item #5,,DEM,UNDER VOTES,1
Limestone,0201,Referenda Item #5,,DEM,UNDER VOTES,7
Limestone,0202,Referenda Item #5,,DEM,UNDER VOTES,6
Limestone,0203,Referenda Item #5,,DEM,UNDER VOTES,3
Limestone,0204,Referenda Item #5,,DEM,UNDER VOTES,1
Limestone,0205,Referenda Item #5,,DEM,UNDER VOTES,1
Limestone,0206,Referenda Item #5,,DEM,UNDER VOTES,0
Limestone,0301,Referenda Item #5,,DEM,UNDER VOTES,5
Limestone,0302,Referenda Item #5,,DEM,UNDER VOTES,0
Limestone,0303,Referenda Item #5,,DEM,UNDER VOTES,1
Limestone,0304,Referenda Item #5,,DEM,UNDER VOTES,4
Limestone,0305,Referenda Item #5,,DEM,UNDER VOTES,1
Limestone,0401,Referenda Item #5,,DEM,UNDER VOTES,17
Limestone,0402,Referenda Item #5,,DEM,UNDER VOTES,1
Limestone,0403,Referenda Item #5,,DEM,UNDER VOTES,0
Limestone,0404,Referenda Item #5,,DEM,UNDER VOTES,0
Limestone,0405,Referenda Item #5,,DEM,UNDER VOTES,0
Limestone,0406,Referenda Item #5,,DEM,UNDER VOTES,0
Limestone,0101,Referenda Item #6,,DEM,For,70
Limestone,0102,Referenda Item #6,,DEM,For,8
Limestone,0103,Referenda Item #6,,DEM,For,23
Limestone,0104,Referenda Item #6,,DEM,For,17
Limestone,0201,Referenda Item #6,,DEM,For,28
Limestone,0202,Referenda Item #6,,DEM,For,59
Limestone,0203,Referenda Item #6,,DEM,For,23
Limestone,0204,Referenda Item #6,,DEM,For,29
Limestone,0205,Referenda Item #6,,DEM,For,30
Limestone,0206,Referenda Item #6,,DEM,For,12
Limestone,0301,Referenda Item #6,,DEM,For,52
Limestone,0302,Referenda Item #6,,DEM,For,21
Limestone,0303,Referenda Item #6,,DEM,For,7
Limestone,0304,Referenda Item #6,,DEM,For,21
Limestone,0305,Referenda Item #6,,DEM,For,17
Limestone,0401,Referenda Item #6,,DEM,For,84
Limestone,0402,Referenda Item #6,,DEM,For,14
Limestone,0403,Referenda Item #6,,DEM,For,5
Limestone,0404,Referenda Item #6,,DEM,For,14
Limestone,0405,Referenda Item #6,,DEM,For,15
Limestone,0406,Referenda Item #6,,DEM,For,4
Limestone,0101,Referenda Item #6,,DEM,Against,22
Limestone,0102,Referenda Item #6,,DEM,Against,2
Limestone,0103,Referenda Item #6,,DEM,Against,4
Limestone,0104,Referenda Item #6,,DEM,Against,3
Limestone,0201,Referenda Item #6,,DEM,Against,7
Limestone,0202,Referenda Item #6,,DEM,Against,18
Limestone,0203,Referenda Item #6,,DEM,Against,8
Limestone,0204,Referenda Item #6,,DEM,Against,4
Limestone,0205,Referenda Item #6,,DEM,Against,4
Limestone,0206,Referenda Item #6,,DEM,Against,3
Limestone,0301,Referenda Item #6,,DEM,Against,21
Limestone,0302,Referenda Item #6,,DEM,Against,3
Limestone,0303,Referenda Item #6,,DEM,Against,1
Limestone,0304,Referenda Item #6,,DEM,Against,2
Limestone,0305,Referenda Item #6,,DEM,Against,1
Limestone,0401,Referenda Item #6,,DEM,Against,18
Limestone,0402,Referenda Item #6,,DEM,Against,1
Limestone,0403,Referenda Item #6,,DEM,Against,1
Limestone,0404,Referenda Item #6,,DEM,Against,3
Limestone,0405,Referenda Item #6,,DEM,Against,1
Limestone,0406,Referenda Item #6,,DEM,Against,2
Limestone,0101,Referenda Item #6,,DEM,OVER VOTES,0
Limestone,0102,Referenda Item #6,,DEM,OVER VOTES,0
Limestone,0103,Referenda Item #6,,DEM,OVER VOTES,0
Limestone,0104,Referenda Item #6,,DEM,OVER VOTES,0
Limestone,0201,Referenda Item #6,,DEM,OVER VOTES,0
Limestone,0202,Referenda Item #6,,DEM,OVER VOTES,0
Limestone,0203,Referenda Item #6,,DEM,OVER VOTES,0
Limestone,0204,Referenda Item #6,,DEM,OVER VOTES,0
Limestone,0205,Referenda Item #6,,DEM,OVER VOTES,0
Limestone,0206,Referenda Item #6,,DEM,OVER VOTES,0
Limestone,0301,Referenda Item #6,,DEM,OVER VOTES,0
Limestone,0302,Referenda Item #6,,DEM,OVER VOTES,0
Limestone,0303,Referenda Item #6,,DEM,OVER VOTES,0
Limestone,0304,Referenda Item #6,,DEM,OVER VOTES,0
Limestone,0305,Referenda Item #6,,DEM,OVER VOTES,0
Limestone,0401,Referenda Item #6,,DEM,OVER VOTES,0
Limestone,0402,Referenda Item #6,,DEM,OVER VOTES,0
Limestone,0403,Referenda Item #6,,DEM,OVER VOTES,0
Limestone,0404,Referenda Item #6,,DEM,OVER VOTES,0
Limestone,0405,Referenda Item #6,,DEM,OVER VOTES,0
Limestone,0406,Referenda Item #6,,DEM,OVER VOTES,0
Limestone,0101,Referenda Item #6,,DEM,UNDER VOTES,14
Limestone,0102,Referenda Item #6,,DEM,UNDER VOTES,2
Limestone,0103,Referenda Item #6,,DEM,UNDER VOTES,11
Limestone,0104,Referenda Item #6,,DEM,UNDER VOTES,1
Limestone,0201,Referenda Item #6,,DEM,UNDER VOTES,9
Limestone,0202,Referenda Item #6,,DEM,UNDER VOTES,12
Limestone,0203,Referenda Item #6,,DEM,UNDER VOTES,4
Limestone,0204,Referenda Item #6,,DEM,UNDER VOTES,0
Limestone,0205,Referenda Item #6,,DEM,UNDER VOTES,1
Limestone,0206,Referenda Item #6,,DEM,UNDER VOTES,2
Limestone,0301,Referenda Item #6,,DEM,UNDER VOTES,5
Limestone,0302,Referenda Item #6,,DEM,UNDER VOTES,1
Limestone,0303,Referenda Item #6,,DEM,UNDER VOTES,2
Limestone,0304,Referenda Item #6,,DEM,UNDER VOTES,2
Limestone,0305,Referenda Item #6,,DEM,UNDER VOTES,1
Limestone,0401,Referenda Item #6,,DEM,UNDER VOTES,20
Limestone,0402,Referenda Item #6,,DEM,UNDER VOTES,1
Limestone,0403,Referenda Item #6,,DEM,UNDER VOTES,0
Limestone,0404,Referenda Item #6,,DEM,UNDER VOTES,0
Limestone,0405,Referenda Item #6,,DEM,UNDER VOTES,0
Limestone,0406,Referenda Item #6,,DEM,UNDER VOTES,0
